TradDt,BizDt,Sgmt,Src,FinInstrmTp,FinInstrmId,ISIN,TckrSymb,SctySrs,XpryDt,FininstrmActlXpryDt,StrkPric,OptnTp,FinInstrmNm,OpnPric,HghPric,LwPric,ClsPric,LastPric,PrvsClsgPric,UndrlygPric,SttlmPric,OpnIntrst,ChngInOpnIntrst,TtlTradgVol,TtlTrfVal,TtlNbOfTxsExctd,SsnId,NewBrdLotQty,Rmks,Rsvd1,Rsvd2,Rsvd3,Rsvd4
2025-05-07,2025-05-07,FO,NSE,IDO,40440,,NIFTY,,2025-06-05,2025-06-05,24100.00,PE,NIFTY2560524100PE,339.35,340.40,299.95,310.00,310.00,323.10,24414.40,310.00,7650,375,21,38472412.50,20,F1,75,,,,,
2025-05-07,2025-05-07,FO,NSE,IDO,40474,,NIFTY,,2025-06-05,2025-06-05,24650.00,PE,NIFTY2560524650PE,506.00,506.00,506.00,506.00,506.00,506.00,24414.40,518.30,75,0,1,1886700.00,1,F1,75,,,,,
2025-05-07,2025-05-07,FO,NSE,IDO,40504,,NIFTY,,2025-06-05,2025-06-05,25200.00,PE,NIFTY2560525200PE,0.00,0.00,0.00,942.30,0.00,942.30,24414.40,866.65,0,0,0,0.00,0,F1,75,,,,,
2025-05-07,2025-05-07,FO,NSE,IDO,40512,,NIFTY,,2025-06-05,2025-06-05,25350.00,PE,NIFTY2560525350PE,0.00,0.00,0.00,1052.85,0.00,1052.85,24414.40,977.50,0,0,0,0.00,0,F1,75,,,,,
2025-05-07,2025-05-07,FO,NSE,IDO,62162,,NIFTY,,2025-06-26,2025-06-26,21750.00,PE,NIFTY25JUN21750PE,0.00,0.00,0.00,88.10,0.00,88.10,24414.40,11.85,0,0,0,0.00,0,F1,75,,,,,
2025-05-07,2025-05-07,FO,NSE,IDO,62192,,NIFTY,,2025-06-26,2025-06-26,22300.00,PE,NIFTY25JUN22300PE,130.00,135.40,110.60,119.25,119.55,134.35,24414.40,119.25,98025,2175,483,812366276.25,203,F1,75,,,,,
2025-05-07,2025-05-07,FO,NSE,IDO,62200,,NIFTY,,2025-06-26,2025-06-26,22500.00,PE,NIFTY25JUN22500PE,164.20,166.90,127.05,138.10,132.75,149.15,24414.40,138.10,981675,2400,5367,9113572365.00,3633,F1,75,,,,,
2025-05-07,2025-05-07,FO,NSE,IDO,62202,,NIFTY,,2025-06-26,2025-06-26,22550.00,PE,NIFTY25JUN22550PE,0.00,0.00,0.00,145.00,145.00,145.00,24414.40,50.20,1725,0,0,0.00,0,F1,75,,,,,
2025-05-07,2025-05-07,FO,NSE,IDO,62210,,NIFTY,,2025-06-26,2025-06-26,22750.00,PE,NIFTY25JUN22750PE,0.00,0.00,0.00,156.80,156.80,156.80,24414.40,68.60,1650,0,0,0.00,0,F1,75,,,,,
2025-05-07,2025-05-07,FO,NSE,IDO,62308,,NIFTY,,2025-06-26,2025-06-26,23150.00,PE,NIFTY25JUN23150PE,208.85,208.85,208.85,208.85,208.85,220.30,24414.40,121.60,2925,0,1,1751913.75,1,F1,75,,,,,
2025-05-07,2025-05-07,FO,NSE,IDO,71380,,NIFTY,,2025-06-26,2025-06-26,24000.00,PE,NIFTY25JUN24000PE,422.10,434.00,347.60,376.40,376.25,394.80,24414.40,376.40,2538500,19425,10008,18299772457.50,6251,F1,75,,,,,
2025-05-07,2025-05-07,FO,NSE,IDO,62386,,NIFTY,,2025-06-26,2025-06-26,24750.00,PE,NIFTY25JUN24750PE,635.60,640.00,621.10,640.00,640.00,677.30,24414.40,662.05,84600,0,4,7614307.50,4,F1,75,,,,,
2025-05-07,2025-05-07,FO,NSE,IDO,38664,,NIFTY,,2025-05-08,2025-05-08,25600.00,PE,NIFTY2550825600PE,1207.75,1258.50,1207.75,1230.30,1225.55,1269.85,24414.40,1230.30,1725,-150,8,16103812.50,8,F1,75,,,,,
2025-05-07,2025-05-07,FO,NSE,IDO,38653,,NIFTY,,2025-05-08,2025-05-08,25350.00,PE,NIFTY2550825350PE,951.35,1010.40,951.35,997.95,997.95,1042.00,24414.40,931.15,1575,75,14,27664477.50,12,F1,75,,,,,
2025-05-07,2025-05-07,FO,NSE,IDO,38628,,NIFTY,,2025-05-08,2025-05-08,24750.00,PE,NIFTY2550824750PE,460.10,474.15,315.15,390.05,376.00,405.45,24414.40,390.05,48900,-900,6692,12617361960.00,4605,F1,75,,,,,
2025-05-07,2025-05-07,FO,NSE,IDO,38617,,NIFTY,,2025-05-08,2025-05-08,24550.00,PE,NIFTY2550824550PE,282.40,309.85,151.60,199.75,183.60,211.75,24414.40,199.75,666900,-260475,274153,508988514300.00,197090,F1,75,,,,,
2025-05-07,2025-05-07,FO,NSE,IDO,38609,,NIFTY,,2025-05-08,2025-05-08,24450.00,PE,NIFTY2550824450PE,178.00,219.35,92.30,114.40,96.00,130.40,24414.40,114.40,2589525,-861075,1911698,3523304001187.50,1263809,F1,75,,,,,
2025-05-07,2025-05-07,FO,NSE,IDO,38568,,NIFTY,,2025-05-08,2025-05-08,23650.00,PE,NIFTY2550823650PE,25.00,28.25,10.90,14.50,11.30,17.55,24414.40,14.50,578550,-74625,199919,354848442371.25,90899,F1,75,,,,,
2025-05-07,2025-05-07,FO,NSE,IDO,38545,,NIFTY,,2025-05-08,2025-05-08,23350.00,PE,NIFTY2550823350PE,15.90,19.45,7.80,10.15,8.50,13.50,24414.40,10.15,1223100,599850,197613,346243651192.50,71241,F1,75,,,,,
2025-05-07,2025-05-07,FO,NSE,IDO,38481,,NIFTY,,2025-05-08,2025-05-08,22150.00,PE,NIFTY2550822150PE,4.60,5.15,1.20,1.40,1.45,4.60,24414.40,1.40,659700,15150,106991,177758496345.00,28824,F1,75,,,,,
2025-05-07,2025-05-07,FO,NSE,IDO,38441,,NIFTY,,2025-05-08,2025-05-08,21200.00,PE,NIFTY2550821200PE,2.50,3.00,0.55,0.85,0.95,2.80,24414.40,0.85,479925,-263025,98457,156555858502.50,21160,F1,75,,,,,
2025-05-07,2025-05-07,FO,NSE,IDO,38421,,NIFTY,,2025-05-08,2025-05-08,20700.00,PE,NIFTY2550820700PE,2.10,2.20,0.50,0.65,0.80,2.10,24414.40,0.65,213525,-825225,88613,137578677986.25,18779,F1,75,,,,,
2025-05-07,2025-05-07,FO,NSE,IDO,38419,,NIFTY,,2025-05-08,2025-05-08,20650.00,PE,NIFTY2550820650PE,2.20,2.30,0.50,0.70,0.80,2.05,24414.40,0.70,94200,-45675,27950,43289802236.25,5209,F1,75,,,,,
2025-05-07,2025-05-07,FO,NSE,IDO,61659,,NIFTY,,2029-12-27,2029-12-27,21000.00,CE,NIFTY29DEC21000CE,0.00,0.00,0.00,9463.95,0.00,9463.95,24414.40,9361.20,0,0,0,0.00,0,F1,75,,,,,
2025-05-07,2025-05-07,FO,NSE,IDO,89632,,NIFTY,,2029-06-28,2029-06-28,25000.00,CE,NIFTY29JUN25000CE,0.00,0.00,0.00,7557.70,0.00,7557.70,24414.40,6443.70,0,0,0,0.00,0,F1,75,,,,,
2025-05-07,2025-05-07,FO,NSE,IDO,89624,,NIFTY,,2029-06-28,2029-06-28,21000.00,CE,NIFTY29JUN21000CE,0.00,0.00,0.00,9799.75,0.00,9799.75,24414.40,8841.80,0,0,0,0.00,0,F1,75,,,,,
2025-05-07,2025-05-07,FO,NSE,IDO,86165,,NIFTY,,2028-06-29,2028-06-29,28000.00,CE,NIFTY28JUN28000CE,0.00,0.00,0.00,2596.45,0.00,2596.45,24414.40,3738.75,0,0,0,0.00,0,F1,75,,,,,
2025-05-07,2025-05-07,FO,NSE,IDO,50981,,NIFTY,,2027-06-24,2027-06-24,27000.00,CE,NIFTY27JUN27000CE,0.00,0.00,0.00,1932.50,0.00,1932.50,24414.40,2867.80,0,0,0,0.00,0,F1,75,,,,,
2025-05-07,2025-05-07,FO,NSE,IDO,71545,,NIFTY,,2027-06-24,2027-06-24,17000.00,CE,NIFTY27JUN17000CE,0.00,0.00,0.00,4464.70,0.00,4464.70,24414.40,9710.15,0,0,0,0.00,0,F1,75,,,,,
2025-05-07,2025-05-07,FO,NSE,IDO,50978,,NIFTY,,2026-12-31,2026-12-31,27000.00,CE,NIFTY26DEC27000CE,0.00,0.00,0.00,1592.50,1585.00,1592.50,24414.40,2208.85,21075,0,0,0.00,0,F1,75,,,,,
2025-05-07,2025-05-07,FO,NSE,IDO,58648,,NIFTY,,2026-12-31,2026-12-31,22000.00,CE,NIFTY26DEC22000CE,0.00,0.00,0.00,3362.20,3362.20,3362.20,24414.40,5115.50,150,0,0,0.00,0,F1,75,,,,,
2025-05-07,2025-05-07,FO,NSE,IDO,58644,,NIFTY,,2026-12-31,2026-12-31,20000.00,CE,NIFTY26DEC20000CE,0.00,0.00,0.00,3704.30,0.00,3704.30,24414.40,6661.70,0,0,0,0.00,0,F1,75,,,,,
2025-05-07,2025-05-07,FO,NSE,IDO,58636,,NIFTY,,2026-12-31,2026-12-31,16000.00,CE,NIFTY26DEC16000CE,0.00,0.00,0.00,6200.00,6200.00,6200.00,24414.40,10099.65,50,0,0,0.00,0,F1,75,,,,,
2025-05-07,2025-05-07,FO,NSE,IDO,62935,,NIFTY,,2026-03-26,2026-03-26,29000.00,CE,NIFTY26MAR29000CE,0.00,0.00,0.00,440.50,0.00,440.50,24414.40,568.00,0,0,0,0.00,0,F1,75,,,,,
2025-05-07,2025-05-07,FO,NSE,IDO,37795,,NIFTY,,2025-12-24,2025-12-24,23000.00,CE,NIFTY25DEC23000CE,2700.00,2733.00,2630.00,2686.75,2667.85,2654.15,24414.40,2686.75,449575,-4425,131,252349875.00,100,F1,75,,,,,
2025-05-07,2025-05-07,FO,NSE,IDO,64698,,NIFTY,,2025-09-25,2025-09-25,27000.00,CE,NIFTY25SEP27000CE,170.95,200.00,170.95,192.95,196.75,182.45,24414.40,192.95,154275,12900,1235,2518162387.50,858,F1,75,,,,,
2025-05-07,2025-05-07,FO,NSE,IDO,55844,,NIFTY,,2025-07-31,2025-07-31,25900.00,CE,NIFTY25JUL25900CE,229.00,239.90,224.00,239.90,239.90,234.00,24414.40,376.55,1125,-150,5,9799042.50,5,F1,75,,,,,
2025-05-07,2025-05-07,FO,NSE,IDO,62398,,NIFTY,,2025-06-26,2025-06-26,24950.00,PE,NIFTY25JUN24950PE,735.95,735.95,735.95,735.95,735.95,784.65,24414.40,774.35,1725,-75,1,1926446.25,1,F1,75,,,,,
2025-05-07,2025-05-07,FO,NSE,IDO,62400,,NIFTY,,2025-06-26,2025-06-26,25050.00,PE,NIFTY25JUN25050PE,791.70,791.70,791.70,791.70,791.70,837.50,24414.40,834.25,825,-75,1,1938127.50,1,F1,75,,,,,
2025-05-07,2025-05-07,FO,NSE,IDO,62424,,NIFTY,,2025-06-26,2025-06-26,25550.00,PE,NIFTY25JUN25550PE,1130.30,1130.30,1130.30,1130.30,1130.30,1104.65,24414.40,1130.30,75,0,1,2001022.50,1,F1,75,,,,,
2025-05-07,2025-05-07,FO,NSE,IDO,62426,,NIFTY,,2025-06-26,2025-06-26,25600.00,PE,NIFTY25JUN25600PE,1156.35,1156.35,1156.35,1156.35,1156.35,1267.75,24414.40,1205.40,750,-75,1,2006726.25,1,F1,75,,,,,
2025-05-07,2025-05-07,FO,NSE,IDO,50970,,NIFTY,,2025-06-26,2025-06-26,27000.00,PE,NIFTY25JUN27000PE,2463.05,2495.00,2373.50,2426.60,2423.00,2448.15,24414.40,2426.60,731050,5550,289,637844501.25,264,F1,75,,,,,
2025-05-07,2025-05-07,FO,NSE,IDO,50538,,NIFTY,,2025-06-26,2025-06-26,28000.00,PE,NIFTY25JUN28000PE,3375.00,3464.35,3326.95,3398.50,3394.25,3379.60,24414.40,3398.50,152400,375,118,277912368.75,117,F1,75,,,,,
2025-05-07,2025-05-07,FO,NSE,IDO,55676,,NIFTY,,2025-07-31,2025-07-31,22350.00,PE,NIFTY25JUL22350PE,0.00,0.00,0.00,131.75,0.00,131.75,24414.40,88.55,0,0,0,0.00,0,F1,75,,,,,
2025-05-07,2025-05-07,FO,NSE,IDO,55682,,NIFTY,,2025-07-31,2025-07-31,22500.00,PE,NIFTY25JUL22500PE,225.00,231.05,186.85,202.80,200.85,214.45,24414.40,202.80,319275,31650,1032,1757320548.75,587,F1,75,,,,,
2025-05-07,2025-05-07,FO,NSE,IDO,55694,,NIFTY,,2025-07-31,2025-07-31,22800.00,PE,NIFTY25JUL22800PE,251.10,252.00,216.85,233.70,233.70,246.10,24414.40,233.70,71250,6900,173,298905607.50,110,F1,75,,,,,
2025-05-07,2025-05-07,FO,NSE,IDO,55754,,NIFTY,,2025-07-31,2025-07-31,23900.00,PE,NIFTY25JUL23900PE,490.25,490.25,438.20,442.00,442.00,438.25,24414.40,410.60,2400,1125,30,54785220.00,8,F1,75,,,,,
2025-05-07,2025-05-07,FO,NSE,IDO,55762,,NIFTY,,2025-07-31,2025-07-31,24100.00,PE,NIFTY25JUL24100PE,512.70,512.95,485.85,496.30,496.30,475.00,24414.40,496.30,375,225,64,118069920.00,26,F1,75,,,,,
2025-05-07,2025-05-07,FO,NSE,IDO,55800,,NIFTY,,2025-07-31,2025-07-31,25000.00,PE,NIFTY25JUL25000PE,869.95,905.20,816.00,850.55,858.30,871.05,24414.40,850.55,54825,2250,239,463409565.00,114,F1,75,,,,,
2025-05-07,2025-05-07,FO,NSE,IDO,55848,,NIFTY,,2025-07-31,2025-07-31,25950.00,PE,NIFTY25JUL25950PE,1428.60,1428.70,1428.60,1428.65,1428.65,1428.20,24414.40,1428.65,300,225,3,6160196.25,3,F1,75,,,,,
2025-05-07,2025-05-07,FO,NSE,IDO,64685,,NIFTY,,2025-09-25,2025-09-25,20000.00,PE,NIFTY25SEP20000PE,104.30,106.10,85.85,91.05,90.90,99.20,24414.40,91.05,348825,36600,1528,2302578472.50,916,F1,75,,,,,
2025-05-07,2025-05-07,FO,NSE,IDO,50972,,NIFTY,,2025-12-24,2025-12-24,27000.00,PE,NIFTY25DEC27000PE,2000.00,2000.00,1912.55,1946.35,1961.40,1997.55,24414.40,1946.35,369150,5575,132,286713626.25,84,F1,75,,,,,
2025-05-07,2025-05-07,FO,NSE,IDO,62913,,NIFTY,,2026-03-26,2026-03-26,18000.00,PE,NIFTY26MAR18000PE,0.00,0.00,0.00,16.55,0.00,16.55,24414.40,11.55,0,0,0,0.00,0,F1,75,,,,,
2025-05-07,2025-05-07,FO,NSE,IDO,55811,,NIFTY,,2025-07-31,2025-07-31,25300.00,CE,NIFTY25JUL25300CE,449.85,449.85,400.70,432.05,432.05,596.40,24414.40,573.20,300,300,6,11574866.25,6,F1,75,,,,,
2025-05-07,2025-05-07,FO,NSE,IDO,55795,,NIFTY,,2025-07-31,2025-07-31,24900.00,CE,NIFTY25JUL24900CE,621.50,621.50,621.15,621.35,621.30,607.40,24414.40,621.35,1500,600,8,15312798.75,8,F1,75,,,,,
2025-05-07,2025-05-07,FO,NSE,IDO,55783,,NIFTY,,2025-07-31,2025-07-31,24600.00,CE,NIFTY25JUL24600CE,791.45,844.45,767.85,767.90,767.90,759.15,24414.40,886.40,375,75,5,9522228.75,5,F1,75,,,,,
2025-05-07,2025-05-07,FO,NSE,IDO,55763,,NIFTY,,2025-07-31,2025-07-31,24150.00,CE,NIFTY25JUL24150CE,1065.25,1065.25,1065.25,1065.25,1065.25,1135.00,24414.40,1065.25,75,75,1,1891143.75,1,F1,75,,,,,
2025-05-07,2025-05-07,FO,NSE,IDO,39990,,NIFTY,,2026-06-25,2026-06-25,19000.00,PE,NIFTY26JUN19000PE,0.00,0.00,0.00,205.70,205.70,205.70,24414.40,49.20,250,0,0,0.00,0,F1,75,,,,,
2025-05-07,2025-05-07,FO,NSE,IDO,58627,,NIFTY,,2026-06-25,2026-06-25,22000.00,PE,NIFTY26JUN22000PE,0.00,0.00,0.00,391.05,391.05,391.05,24414.40,326.70,1800,0,0,0.00,0,F1,75,,,,,
2025-05-07,2025-05-07,FO,NSE,IDO,71565,,NIFTY,,2027-06-24,2027-06-24,26000.00,PE,NIFTY27JUN26000PE,0.00,0.00,0.00,6202.20,0.00,6202.20,24414.40,1470.25,0,0,0,0.00,0,F1,75,,,,,
2025-05-07,2025-05-07,FO,NSE,IDO,86142,,NIFTY,,2028-06-29,2028-06-29,19000.00,PE,NIFTY28JUN19000PE,0.00,0.00,0.00,537.45,0.00,537.45,24414.40,149.60,0,0,0,0.00,0,F1,75,,,,,
2025-05-07,2025-05-07,FO,NSE,IDO,86162,,NIFTY,,2028-06-29,2028-06-29,26000.00,PE,NIFTY28JUN26000PE,0.00,0.00,0.00,2370.30,0.00,2370.30,24414.40,1332.40,0,0,0,0.00,0,F1,75,,,,,
2025-05-07,2025-05-07,FO,NSE,IDO,86168,,NIFTY,,2028-06-29,2028-06-29,29000.00,PE,NIFTY28JUN29000PE,0.00,0.00,0.00,3595.90,0.00,3595.90,24414.40,2391.85,0,0,0,0.00,0,F1,75,,,,,
2025-05-07,2025-05-07,FO,NSE,IDO,67791,,NIFTY,,2028-12-28,2028-12-28,28000.00,PE,NIFTY28DEC28000PE,0.00,0.00,0.00,1697.60,0.00,1697.60,24414.40,1868.40,0,0,0,0.00,0,F1,75,,,,,
2025-05-07,2025-05-07,FO,NSE,IDO,61391,,NIFTY,,2029-12-27,2029-12-27,18000.00,PE,NIFTY29DEC18000PE,0.00,0.00,0.00,96.50,0.00,96.50,24414.40,116.45,0,0,0,0.00,0,F1,75,,,,,
2025-05-07,2025-05-07,FO,NSE,IDO,62459,,NIFTY,,2025-06-26,2025-06-26,26150.00,CE,NIFTY25JUN26150CE,0.00,0.00,0.00,140.70,0.00,140.70,24414.40,140.90,0,0,0,0.00,0,F1,75,,,,,
2025-05-07,2025-05-07,FO,NSE,IDO,62445,,NIFTY,,2025-06-26,2025-06-26,26050.00,CE,NIFTY25JUN26050CE,0.00,0.00,0.00,154.30,0.00,154.30,24414.40,157.65,0,0,0,0.00,0,F1,75,,,,,
2025-05-07,2025-05-07,FO,NSE,IDO,62441,,NIFTY,,2025-06-26,2025-06-26,25900.00,CE,NIFTY25JUN25900CE,98.50,114.15,91.00,104.55,104.60,100.45,24414.40,104.55,21600,2475,280,545997420.00,133,F1,75,,,,,
2025-05-07,2025-05-07,FO,NSE,IDO,62431,,NIFTY,,2025-06-26,2025-06-26,25750.00,CE,NIFTY25JUN25750CE,0.00,0.00,0.00,133.85,133.95,133.85,24414.40,217.70,600,0,0,0.00,0,F1,75,,,,,
2025-05-07,2025-05-07,FO,NSE,IDO,62335,,NIFTY,,2025-06-26,2025-06-26,23650.00,CE,NIFTY25JUN23650CE,1226.30,1226.30,1226.30,1226.30,1226.30,1294.20,24414.40,1208.25,7200,-75,1,1865722.50,1,F1,75,,,,,
2025-05-07,2025-05-07,FO,NSE,IDO,62331,,NIFTY,,2025-06-26,2025-06-26,23550.00,CE,NIFTY25JUN23550CE,1329.10,1329.10,1286.35,1286.35,1286.35,1255.80,24414.40,1281.40,1875,-150,2,3728658.75,2,F1,75,,,,,
2025-05-07,2025-05-07,FO,NSE,IDO,62201,,NIFTY,,2025-06-26,2025-06-26,22550.00,CE,NIFTY25JUN22550CE,2147.05,2147.05,2147.05,2147.05,2147.05,2088.60,24414.40,2147.05,375,75,1,1852278.75,1,F1,75,,,,,
2025-05-07,2025-05-07,FO,NSE,IDO,62197,,NIFTY,,2025-06-26,2025-06-26,22450.00,CE,NIFTY25JUN22450CE,0.00,0.00,0.00,2192.00,2192.00,2192.00,24414.40,2212.15,900,0,0,0.00,0,F1,75,,,,,
2025-05-07,2025-05-07,FO,NSE,IDO,62125,,NIFTY,,2025-06-26,2025-06-26,21150.00,CE,NIFTY25JUN21150CE,0.00,0.00,0.00,3386.05,3386.05,3386.05,24414.40,3460.85,375,0,0,0.00,0,F1,75,,,,,
2025-05-07,2025-05-07,FO,NSE,IDO,38373,,NIFTY,,2025-06-26,2025-06-26,20000.00,CE,NIFTY25JUN20000CE,4550.05,4617.85,4470.00,4553.35,4555.00,4510.75,24414.40,4553.35,479100,5400,204,375511518.75,182,F1,75,,,,,
2025-05-07,2025-05-07,FO,NSE,IDO,45865,,NIFTY,,2025-06-26,2025-06-26,17000.00,CE,NIFTY25JUN17000CE,7400.00,7475.00,7400.00,7475.00,7475.00,7400.00,24414.40,7569.75,199000,375,5,9165000.00,3,F1,75,,,,,
2025-05-07,2025-05-07,FO,NSE,IDO,40529,,NIFTY,,2025-06-05,2025-06-05,25750.00,CE,NIFTY2560525750CE,0.00,0.00,0.00,118.55,0.00,118.55,24414.40,95.35,0,0,0,0.00,0,F1,75,,,,,
2025-05-07,2025-05-07,FO,NSE,IDO,40527,,NIFTY,,2025-06-05,2025-06-05,25700.00,CE,NIFTY2560525700CE,0.00,0.00,0.00,126.90,0.00,126.90,24414.40,103.00,0,0,0,0.00,0,F1,75,,,,,
2025-05-07,2025-05-07,FO,NSE,IDO,40511,,NIFTY,,2025-06-05,2025-06-05,25350.00,CE,NIFTY2560525350CE,0.00,0.00,0.00,200.15,0.00,200.15,24414.40,171.50,0,0,0,0.00,0,F1,75,,,,,
2025-05-07,2025-05-07,FO,NSE,IDO,40475,,NIFTY,,2025-06-05,2025-06-05,24700.00,CE,NIFTY2560524700CE,299.95,319.25,299.95,319.25,319.25,303.15,24414.40,319.25,1350,75,9,16881592.50,9,F1,75,,,,,
2025-05-07,2025-05-07,FO,NSE,IDO,40459,,NIFTY,,2025-06-05,2025-06-05,24400.00,CE,NIFTY2560524400CE,489.85,536.65,450.65,494.05,497.65,477.95,24414.40,494.05,5175,225,37,69059685.00,37,F1,75,,,,,
2025-05-07,2025-05-07,FO,NSE,IDO,40457,,NIFTY,,2025-06-05,2025-06-05,24350.00,CE,NIFTY2560524350CE,566.40,566.40,497.50,505.00,505.00,526.40,24414.40,559.30,1425,0,13,24236636.25,10,F1,75,,,,,
2025-05-07,2025-05-07,FO,NSE,IDO,40431,,NIFTY,,2025-06-05,2025-06-05,23900.00,CE,NIFTY2560523900CE,0.00,0.00,0.00,850.25,0.00,850.25,24414.40,841.90,0,0,0,0.00,0,F1,75,,,,,
2025-05-07,2025-05-07,FO,NSE,IDO,40383,,NIFTY,,2025-06-05,2025-06-05,22850.00,CE,NIFTY2560522850CE,0.00,0.00,0.00,1684.65,0.00,1684.65,24414.40,1713.35,0,0,0,0.00,0,F1,75,,,,,
2025-05-07,2025-05-07,FO,NSE,IDO,61801,,NIFTY,,2025-05-29,2025-05-29,26000.00,CE,NIFTY25MAY26000CE,15.90,21.20,13.20,16.85,16.50,15.90,24414.40,16.85,2431800,418500,35954,70157019686.25,17577,F1,75,,,,,
2025-05-07,2025-05-07,FO,NSE,IDO,61789,,NIFTY,,2025-05-29,2025-05-29,25750.00,CE,NIFTY25MAY25750CE,24.55,34.60,23.60,26.50,27.00,24.60,24414.40,26.50,64275,-9075,973,1881246648.75,433,F1,75,,,,,
2025-05-07,2025-05-07,FO,NSE,IDO,61781,,NIFTY,,2025-05-29,2025-05-29,25550.00,CE,NIFTY25MAY25550CE,37.55,52.85,33.75,39.65,40.40,37.85,24414.40,39.65,46200,6300,915,1756105676.25,474,F1,75,,,,,
2025-05-07,2025-05-07,FO,NSE,IDO,61775,,NIFTY,,2025-05-29,2025-05-29,25450.00,CE,NIFTY25MAY25450CE,46.35,67.15,42.75,50.55,50.95,48.45,24414.40,50.55,62175,-75,857,1639056671.25,475,F1,75,,,,,
2025-05-07,2025-05-07,FO,NSE,IDO,61693,,NIFTY,,2025-05-29,2025-05-29,24750.00,CE,NIFTY25MAY24750CE,215.65,281.50,204.00,234.15,236.00,227.10,24414.40,234.15,150075,-7500,1411,2643494910.00,895,F1,75,,,,,
2025-05-07,2025-05-07,FO,NSE,IDO,61561,,NIFTY,,2025-05-29,2025-05-29,23900.00,CE,NIFTY25MAY23900CE,740.45,838.50,725.25,773.00,772.15,762.65,24414.40,773.00,204900,-4425,484,895334002.50,338,F1,75,,,,,
2025-05-07,2025-05-07,FO,NSE,IDO,61543,,NIFTY,,2025-05-29,2025-05-29,23450.00,CE,NIFTY25MAY23450CE,1143.00,1143.00,1116.00,1142.80,1142.80,1234.20,24414.40,1126.75,13200,-750,31,57150836.25,18,F1,75,,,,,
2025-05-07,2025-05-07,FO,NSE,IDO,61529,,NIFTY,,2025-05-29,2025-05-29,23100.00,CE,NIFTY25MAY23100CE,1456.00,1492.55,1419.60,1458.40,1458.40,1455.00,24414.40,1458.40,82050,-225,8,14734072.50,7,F1,75,,,,,
2025-05-07,2025-05-07,FO,NSE,IDO,61523,,NIFTY,,2025-05-29,2025-05-29,22950.00,CE,NIFTY25MAY22950CE,1602.50,1602.50,1602.50,1602.50,1602.50,1522.00,24414.40,1576.35,6300,0,1,1841437.50,1,F1,75,,,,,
2025-05-07,2025-05-07,FO,NSE,IDO,61491,,NIFTY,,2025-05-29,2025-05-29,22150.00,CE,NIFTY25MAY22150CE,2365.60,2366.20,2365.60,2366.20,2366.20,2250.40,24414.40,2352.55,4500,0,2,3677385.00,2,F1,75,,,,,
2025-05-07,2025-05-07,FO,NSE,IDO,61357,,NIFTY,,2025-05-29,2025-05-29,21050.00,CE,NIFTY25MAY21050CE,0.00,0.00,0.00,3191.95,3191.95,3191.95,24414.40,3446.10,1800,0,0,0.00,0,F1,75,,,,,
2025-05-07,2025-05-07,FO,NSE,IDO,61353,,NIFTY,,2025-05-29,2025-05-29,20950.00,CE,NIFTY25MAY20950CE,0.00,0.00,0.00,3289.45,3289.45,3289.45,24414.40,3545.70,1650,0,0,0.00,0,F1,75,,,,,
2025-05-07,2025-05-07,FO,NSE,IDO,49335,,NIFTY,,2025-05-22,2025-05-22,26150.00,CE,NIFTY2552226150CE,6.00,6.80,4.55,4.90,4.75,5.60,24414.40,4.90,975,900,275,539461998.75,62,F1,75,,,,,
2025-05-07,2025-05-07,FO,NSE,IDO,49321,,NIFTY,,2025-05-22,2025-05-22,25900.00,CE,NIFTY2552225900CE,10.40,10.85,7.65,8.15,8.30,9.35,24414.40,8.15,36825,11850,719,1397120077.50,334,F1,75,,,,,
2025-05-07,2025-05-07,FO,NSE,IDO,49179,,NIFTY,,2025-05-22,2025-05-22,23950.00,CE,NIFTY2552223950CE,615.00,665.50,615.00,635.00,635.00,625.00,24414.40,656.90,1200,-525,25,46100366.25,12,F1,75,,,,,
2025-05-07,2025-05-07,FO,NSE,IDO,49167,,NIFTY,,2025-05-22,2025-05-22,23800.00,CE,NIFTY2552223800CE,768.80,780.00,739.80,763.00,762.90,740.45,24414.40,763.00,10275,3825,123,226593101.25,34,F1,75,,,,,
2025-05-07,2025-05-07,FO,NSE,IDO,49156,,NIFTY,,2025-05-22,2025-05-22,23650.00,CE,NIFTY2552223650CE,894.30,894.30,894.30,894.30,894.30,906.00,24414.40,893.45,75,75,1,1840822.50,1,F1,75,,,,,
2025-05-07,2025-05-07,FO,NSE,IDO,49147,,NIFTY,,2025-05-22,2025-05-22,23450.00,CE,NIFTY2552223450CE,1058.50,1059.60,1058.30,1058.90,1058.95,1055.05,24414.40,1058.90,675,600,8,14705321.25,8,F1,75,,,,,
2025-05-07,2025-05-07,FO,NSE,IDO,49113,,NIFTY,,2025-05-22,2025-05-22,22850.00,CE,NIFTY2552222850CE,1633.50,1633.50,1633.50,1633.50,1633.50,1588.85,24414.40,1631.30,150,75,1,1836262.50,1,F1,75,,,,,
2025-05-07,2025-05-07,FO,NSE,IDO,49099,,NIFTY,,2025-05-22,2025-05-22,22550.00,CE,NIFTY2552222550CE,0.00,0.00,0.00,1868.70,1868.70,1868.70,24414.40,1926.20,75,0,0,0.00,0,F1,75,,,,,
2025-05-07,2025-05-07,FO,NSE,IDO,46326,,NIFTY,,2025-05-15,2025-05-15,25800.00,CE,NIFTY2551525800CE,2.55,3.90,2.00,2.25,2.25,3.00,24414.40,2.25,886275,396675,34721,67192351515.00,9965,F1,75,,,,,
2025-05-07,2025-05-07,FO,NSE,IDO,46282,,NIFTY,,2025-05-15,2025-05-15,24800.00,CE,NIFTY2551524800CE,38.35,90.35,35.00,63.50,66.45,52.15,24414.40,63.50,1134975,135975,102295,190739457243.75,55656,F1,75,,,,,
2025-05-07,2025-05-07,FO,NSE,IDO,46268,,NIFTY,,2025-05-15,2025-05-15,24450.00,CE,NIFTY2551524450CE,158.90,247.00,131.30,197.45,202.60,177.95,24414.40,197.45,305325,5475,41512,76737952878.75,30316,F1,75,,,,,
2025-05-07,2025-05-07,FO,NSE,IDO,46230,,NIFTY,,2025-05-15,2025-05-15,23800.00,CE,NIFTY2551523800CE,635.95,744.00,618.00,671.70,686.50,651.65,24414.40,671.70,124125,43950,1612,2957905282.50,992,F1,75,,,,,
2025-05-07,2025-05-07,FO,NSE,IDO,46200,,NIFTY,,2025-05-15,2025-05-15,23200.00,CE,NIFTY2551523200CE,1235.00,1265.00,1179.00,1223.55,1230.45,1214.45,24414.40,1223.55,44325,35400,535,979781261.25,304,F1,75,,,,,
2025-05-07,2025-05-07,FO,NSE,IDO,46176,,NIFTY,,2025-05-15,2025-05-15,22800.00,CE,NIFTY2551522800CE,1620.00,1660.00,1574.15,1617.95,1615.55,1619.50,24414.40,1617.95,5250,1650,30,54917790.00,22,F1,75,,,,,
2025-05-07,2025-05-07,FO,NSE,IDO,46166,,NIFTY,,2025-05-15,2025-05-15,22550.00,CE,NIFTY2551522550CE,1835.00,1836.00,1835.00,1835.00,1835.00,1968.40,24414.40,1896.35,750,375,10,18288900.00,6,F1,75,,,,,
2025-05-07,2025-05-07,FO,NSE,IDO,46138,,NIFTY,,2025-05-15,2025-05-15,21950.00,CE,NIFTY2551521950CE,2447.15,2447.15,2447.15,2447.15,2447.15,2395.65,24414.40,2495.45,1050,75,1,1829786.25,1,F1,75,,,,,
2025-05-07,2025-05-07,FO,NSE,IDO,46135,,NIFTY,,2025-05-15,2025-05-15,21900.00,CE,NIFTY2551521900CE,0.00,0.00,0.00,2691.20,2691.20,2691.20,24414.40,2545.35,1350,0,0,0.00,0,F1,75,,,,,
2025-05-07,2025-05-07,FO,NSE,IDO,38663,,NIFTY,,2025-05-08,2025-05-08,25600.00,CE,NIFTY2550825600CE,1.10,1.45,0.65,1.00,0.70,1.30,24414.40,1.00,3303750,-1228350,209350,401968887716.25,40880,F1,75,,,,,
2025-05-07,2025-05-07,FO,NSE,IDO,38658,,NIFTY,,2025-05-08,2025-05-08,25500.00,CE,NIFTY2550825500CE,1.10,1.55,0.75,1.05,0.80,1.40,24414.40,1.05,7249800,-2679075,711897,1361564504520.00,109932,F1,75,,,,,
2025-05-07,2025-05-07,FO,NSE,IDO,38634,,NIFTY,,2025-05-08,2025-05-08,24900.00,CE,NIFTY2550824900CE,3.35,6.05,1.95,2.50,2.25,3.35,24414.40,2.50,5047125,663900,1205564,2251675259418.75,233430,F1,75,,,,,
2025-05-07,2025-05-07,FO,NSE,IDO,38598,,NIFTY,,2025-05-08,2025-05-08,24200.00,CE,NIFTY2550824200CE,118.95,288.00,118.90,195.55,200.00,194.60,24414.40,195.55,1184250,-4725,778838,1424985191703.75,512758,F1,75,,,,,
2025-05-07,2025-05-07,FO,NSE,IDO,38596,,NIFTY,,2025-05-08,2025-05-08,24150.00,CE,NIFTY2550824150CE,175.90,333.10,172.95,242.70,249.30,239.65,24414.40,242.70,303675,100575,102797,188023038487.50,74310,F1,75,,,,,
2025-05-07,2025-05-07,FO,NSE,IDO,38592,,NIFTY,,2025-05-08,2025-05-08,24050.00,CE,NIFTY2550824050CE,259.40,425.00,257.80,338.95,348.40,325.45,24414.40,338.95,112125,-11250,16425,30037226246.25,11481,F1,75,,,,,
2025-05-07,2025-05-07,FO,NSE,IDO,38511,,NIFTY,,2025-05-08,2025-05-08,22800.00,CE,NIFTY2550822800CE,1563.05,1615.00,1525.00,1560.15,1560.60,1583.00,24414.40,1560.15,10650,-5700,103,188165692.50,48,F1,75,,,,,
2025-05-07,2025-05-07,FO,NSE,IDO,38496,,NIFTY,,2025-05-08,2025-05-08,22550.00,CE,NIFTY2550822550CE,1805.20,1811.85,1799.70,1807.65,1807.65,1999.60,24414.40,1868.40,3900,-225,7,12787428.75,7,F1,75,,,,,
2025-05-07,2025-05-07,FO,NSE,IDO,38468,,NIFTY,,2025-05-08,2025-05-08,21900.00,CE,NIFTY2550821900CE,2440.00,2500.00,2440.00,2460.00,2460.00,2468.15,24414.40,2518.30,525,-150,4,7308975.00,4,F1,75,,,,,
2025-05-07,2025-05-07,FO,NSE,IDO,38464,,NIFTY,,2025-05-08,2025-05-08,21800.00,CE,NIFTY2550821800CE,2610.00,2610.00,2553.00,2553.00,2553.00,2618.95,24414.40,2618.25,2700,-75,3,5487600.00,3,F1,75,,,,,
2025-05-07,2025-05-07,FO,NSE,IDO,38460,,NIFTY,,2025-05-08,2025-05-08,21700.00,CE,NIFTY2550821700CE,2690.00,2699.55,2641.00,2668.00,2668.00,2626.00,24414.40,2718.25,150,-600,9,16445291.25,7,F1,75,,,,,
2025-05-07,2025-05-07,FO,NSE,IDO,38450,,NIFTY,,2025-05-08,2025-05-08,21450.00,CE,NIFTY2550821450CE,0.00,0.00,0.00,1962.00,0.00,1962.00,24414.40,2968.20,0,0,0,0.00,0,F1,75,,,,,
2025-05-07,2025-05-07,FO,NSE,IDO,38448,,NIFTY,,2025-05-08,2025-05-08,21400.00,CE,NIFTY2550821400CE,0.00,0.00,0.00,2960.00,2960.00,2960.00,24414.40,3018.20,75,0,0,0.00,0,F1,75,,,,,
2025-05-07,2025-05-07,FO,NSE,IDO,38440,,NIFTY,,2025-05-08,2025-05-08,21200.00,CE,NIFTY2550821200CE,0.00,0.00,0.00,2202.60,0.00,2202.60,24414.40,3218.15,0,0,0,0.00,0,F1,75,,,,,
2025-05-07,2025-05-07,FO,NSE,IDO,38414,,NIFTY,,2025-05-08,2025-05-08,20550.00,CE,NIFTY2550820550CE,0.00,0.00,0.00,2840.70,0.00,2840.70,24414.40,3868.05,0,0,0,0.00,0,F1,75,,,,,
2025-05-07,2025-05-07,FO,NSE,IDO,46211,,NIFTY,,2025-05-15,2025-05-15,23400.00,PE,NIFTY2551523400PE,60.05,71.35,40.35,49.65,48.45,49.80,24414.40,49.65,423375,106875,21000,36935914916.25,12731,F1,75,,,,,
2025-05-07,2025-05-07,FO,NSE,IDO,46255,,NIFTY,,2025-05-15,2025-05-15,24100.00,PE,NIFTY2551524100PE,149.00,181.55,116.00,137.10,130.80,133.05,24414.40,137.10,606075,149850,47656,86630341938.75,33171,F1,75,,,,,
2025-05-07,2025-05-07,FO,NSE,IDO,46238,,NIFTY,,2025-05-15,2025-05-15,23950.00,PE,NIFTY2551523950PE,125.05,144.75,89.45,107.30,103.60,102.50,24414.40,107.30,173325,73500,14248,25706933328.75,10636,F1,75,,,,,
2025-05-07,2025-05-07,FO,NSE,IDO,46227,,NIFTY,,2025-05-15,2025-05-15,23700.00,PE,NIFTY2551523700PE,107.95,108.00,60.45,74.00,71.25,72.00,24414.40,74.00,1547850,1115775,52915,94356263351.25,32185,F1,75,,,,,
2025-05-07,2025-05-07,FO,NSE,IDO,46171,,NIFTY,,2025-05-15,2025-05-15,22650.00,PE,NIFTY2551522650PE,24.10,34.10,20.40,21.75,21.35,22.90,24414.40,21.75,38925,17175,3582,6091108740.00,1931,F1,75,,,,,
2025-05-07,2025-05-07,FO,NSE,IDO,46161,,NIFTY,,2025-05-15,2025-05-15,22400.00,PE,NIFTY2551522400PE,19.15,29.10,15.05,16.95,16.55,18.10,24414.40,16.95,159075,82050,10493,17643318885.00,7271,F1,75,,,,,
2025-05-07,2025-05-07,FO,NSE,IDO,46141,,NIFTY,,2025-05-15,2025-05-15,22000.00,PE,NIFTY2551522000PE,19.95,28.00,11.05,12.60,11.80,13.45,24414.40,12.60,1165725,372900,58877,97218209295.00,26881,F1,75,,,,,
2025-05-07,2025-05-07,FO,NSE,IDO,46129,,NIFTY,,2025-05-15,2025-05-15,21750.00,PE,NIFTY2551521750PE,16.00,20.95,8.75,10.15,10.25,11.00,24414.40,10.15,22800,6750,1376,2245965667.50,829,F1,75,,,,,
2025-05-07,2025-05-07,FO,NSE,IDO,38679,,NIFTY,,2025-05-08,2025-05-08,25950.00,PE,NIFTY2550825950PE,0.00,0.00,0.00,1583.05,1583.05,1583.05,24414.40,1531.05,375,0,0,0.00,0,F1,75,,,,,
2025-05-07,2025-05-07,FO,NSE,IDO,38559,,NIFTY,,2025-05-08,2025-05-08,23500.00,PE,NIFTY2550823500PE,14.95,24.30,9.35,12.10,9.50,15.45,24414.40,12.10,8003250,2124825,842015,1484908834736.25,298325,F1,75,,,,,
2025-05-07,2025-05-07,FO,NSE,IDO,38525,,NIFTY,,2025-05-08,2025-05-08,22950.00,PE,NIFTY2550822950PE,12.00,19.25,4.35,5.65,4.45,9.15,24414.40,5.65,645000,283425,135860,233926131858.75,45826,F1,75,,,,,
2025-05-07,2025-05-07,FO,NSE,IDO,38505,,NIFTY,,2025-05-08,2025-05-08,22650.00,PE,NIFTY2550822650PE,7.80,10.85,2.80,3.50,3.25,7.15,24414.40,3.50,530925,163200,114412,194402574476.25,38742,F1,75,,,,,
2025-05-07,2025-05-07,FO,NSE,IDO,38415,,NIFTY,,2025-05-08,2025-05-08,20550.00,PE,NIFTY2550820550PE,1.85,2.10,0.45,0.65,0.55,1.85,24414.40,0.65,523200,-20925,146576,225918732405.00,18784,F1,75,,,,,
2025-05-07,2025-05-07,FO,NSE,IDO,89626,,NIFTY,,2029-06-28,2029-06-28,22000.00,CE,NIFTY29JUN22000CE,0.00,0.00,0.00,9207.90,0.00,9207.90,24414.40,8202.05,0,0,0,0.00,0,F1,75,,,,,
2025-05-07,2025-05-07,FO,NSE,IDO,38418,,NIFTY,,2025-05-08,2025-05-08,20650.00,CE,NIFTY2550820650CE,0.00,0.00,0.00,2741.85,0.00,2741.85,24414.40,3768.05,0,0,0,0.00,0,F1,75,,,,,
2025-05-07,2025-05-07,FO,NSE,IDO,38420,,NIFTY,,2025-05-08,2025-05-08,20700.00,CE,NIFTY2550820700CE,0.00,0.00,0.00,2692.50,0.00,2692.50,24414.40,3718.10,0,0,0,0.00,0,F1,75,,,,,
2025-05-07,2025-05-07,FO,NSE,IDO,38424,,NIFTY,,2025-05-08,2025-05-08,20800.00,CE,NIFTY2550820800CE,0.00,0.00,0.00,3692.00,3692.00,3692.00,24414.40,3618.10,75,0,0,0.00,0,F1,75,,,,,
2025-05-07,2025-05-07,FO,NSE,IDO,38434,,NIFTY,,2025-05-08,2025-05-08,21050.00,CE,NIFTY2550821050CE,0.00,0.00,0.00,3142.80,3142.80,3142.80,24414.40,3368.15,75,0,0,0.00,0,F1,75,,,,,
2025-05-07,2025-05-07,FO,NSE,IDO,38466,,NIFTY,,2025-05-08,2025-05-08,21850.00,CE,NIFTY2550821850CE,0.00,0.00,0.00,2204.65,2202.15,2204.65,24414.40,2568.30,600,0,0,0.00,0,F1,75,,,,,
2025-05-07,2025-05-07,FO,NSE,IDO,38594,,NIFTY,,2025-05-08,2025-05-08,24100.00,CE,NIFTY2550824100CE,199.00,380.75,199.00,290.65,297.70,281.95,24414.40,290.65,256125,-38925,104935,191950220396.25,74014,F1,75,,,,,
2025-05-07,2025-05-07,FO,NSE,IDO,38625,,NIFTY,,2025-05-08,2025-05-08,24700.00,CE,NIFTY2550824700CE,4.50,18.25,3.90,5.90,5.30,7.65,24414.40,5.90,7246050,1369875,2519496,4668849453202.50,542982,F1,75,,,,,
2025-05-07,2025-05-07,FO,NSE,IDO,38684,,NIFTY,,2025-05-08,2025-05-08,26100.00,CE,NIFTY2550826100CE,0.95,1.20,0.45,0.70,0.45,1.05,24414.40,0.70,7748325,-3507000,480391,940396345571.25,92768,F1,75,,,,,
2025-05-07,2025-05-07,FO,NSE,IDO,46116,,NIFTY,,2025-05-15,2025-05-15,21450.00,CE,NIFTY2551521450CE,0.00,0.00,0.00,2646.30,2627.50,2646.30,24414.40,2994.70,225,0,0,0.00,0,F1,75,,,,,
2025-05-07,2025-05-07,FO,NSE,IDO,46120,,NIFTY,,2025-05-15,2025-05-15,21550.00,CE,NIFTY2551521550CE,0.00,0.00,0.00,2595.95,2595.95,2595.95,24414.40,2894.85,75,0,0,0.00,0,F1,75,,,,,
2025-05-07,2025-05-07,FO,NSE,IDO,46126,,NIFTY,,2025-05-15,2025-05-15,21700.00,CE,NIFTY2551521700CE,2733.00,2733.00,2673.00,2692.50,2692.50,2824.95,24414.40,2745.10,1350,375,11,20125158.75,11,F1,75,,,,,
2025-05-07,2025-05-07,FO,NSE,IDO,46140,,NIFTY,,2025-05-15,2025-05-15,22000.00,CE,NIFTY2551522000CE,2351.05,2440.00,2344.90,2407.00,2407.00,2392.00,24414.40,2407.00,15525,6750,105,192055770.00,82,F1,75,,,,,
2025-05-07,2025-05-07,FO,NSE,IDO,46152,,NIFTY,,2025-05-15,2025-05-15,22250.00,CE,NIFTY2551522250CE,2151.50,2152.55,2151.50,2152.55,2152.55,2102.20,24414.40,2195.85,2850,150,2,3660303.75,2,F1,75,,,,,
2025-05-07,2025-05-07,FO,NSE,IDO,46234,,NIFTY,,2025-05-15,2025-05-15,23900.00,CE,NIFTY2551523900CE,534.05,656.75,534.05,586.20,597.00,569.20,24414.40,586.20,111675,66675,1928,3540303393.75,1193,F1,75,,,,,
2025-05-07,2025-05-07,FO,NSE,IDO,46237,,NIFTY,,2025-05-15,2025-05-15,23950.00,CE,NIFTY2551523950CE,524.00,589.00,493.95,549.05,554.90,534.95,24414.40,549.05,7725,1650,319,585750052.50,226,F1,75,,,,,
2025-05-07,2025-05-07,FO,NSE,IDO,46248,,NIFTY,,2025-05-15,2025-05-15,24050.00,CE,NIFTY2551524050CE,434.45,528.15,416.40,468.00,474.75,441.75,24414.40,468.00,15825,3825,729,1339962217.50,601,F1,75,,,,,
2025-05-07,2025-05-07,FO,NSE,IDO,49083,,NIFTY,,2025-05-22,2025-05-22,22200.00,CE,NIFTY2552222200CE,0.00,0.00,0.00,2203.00,2203.00,2203.00,24414.40,2273.65,150,0,0,0.00,0,F1,75,,,,,
2025-05-07,2025-05-07,FO,NSE,IDO,49117,,NIFTY,,2025-05-22,2025-05-22,22950.00,CE,NIFTY2552222950CE,1535.00,1536.70,1535.00,1535.70,1536.70,1497.45,24414.40,1535.70,300,225,3,5509278.75,3,F1,75,,,,,
2025-05-07,2025-05-07,FO,NSE,IDO,49182,,NIFTY,,2025-05-22,2025-05-22,24000.00,CE,NIFTY2552224000CE,606.65,676.35,560.50,610.30,604.35,591.90,24414.40,610.30,26550,-1575,294,542582471.25,172,F1,75,,,,,
2025-05-07,2025-05-07,FO,NSE,IDO,49186,,NIFTY,,2025-05-22,2025-05-22,24100.00,CE,NIFTY2552224100CE,522.00,593.50,490.00,530.60,532.80,530.80,24414.40,530.60,4575,-1650,122,225337342.50,67,F1,75,,,,,
2025-05-07,2025-05-07,FO,NSE,IDO,49194,,NIFTY,,2025-05-22,2025-05-22,24250.00,CE,NIFTY2552224250CE,441.60,490.50,381.65,427.65,427.95,507.95,24414.40,427.65,4875,675,89,164693265.00,36,F1,75,,,,,
2025-05-07,2025-05-07,FO,NSE,IDO,49202,,NIFTY,,2025-05-22,2025-05-22,24400.00,CE,NIFTY2552224400CE,276.65,385.95,276.65,330.05,336.75,320.85,24414.40,330.05,195000,77025,4863,9019830397.50,3303,F1,75,,,,,
2025-05-07,2025-05-07,FO,NSE,IDO,49204,,NIFTY,,2025-05-22,2025-05-22,24450.00,CE,NIFTY2552224450CE,283.05,354.95,264.35,298.65,302.90,290.30,24414.40,298.65,24900,12675,869,1613372748.75,467,F1,75,,,,,
2025-05-07,2025-05-07,FO,NSE,IDO,49273,,NIFTY,,2025-05-22,2025-05-22,25300.00,CE,NIFTY2552225300CE,29.65,47.40,23.25,34.45,35.80,31.20,24414.40,34.45,85875,6375,2554,4852569300.00,1812,F1,75,,,,,
2025-05-07,2025-05-07,FO,NSE,IDO,49319,,NIFTY,,2025-05-22,2025-05-22,25850.00,CE,NIFTY2552225850CE,9.70,11.10,8.20,8.85,8.90,9.50,24414.40,8.85,3975,1125,169,327762453.75,44,F1,75,,,,,
2025-05-07,2025-05-07,FO,NSE,IDO,61323,,NIFTY,,2025-05-29,2025-05-29,20400.00,CE,NIFTY25MAY20400CE,0.00,0.00,0.00,3800.00,3800.00,3800.00,24414.40,4093.60,1200,0,0,0.00,0,F1,75,,,,,
2025-05-07,2025-05-07,FO,NSE,IDO,61331,,NIFTY,,2025-05-29,2025-05-29,20550.00,CE,NIFTY25MAY20550CE,0.00,0.00,0.00,3605.05,3605.05,3605.05,24414.40,3944.15,1125,0,0,0.00,0,F1,75,,,,,
2025-05-07,2025-05-07,FO,NSE,IDO,61399,,NIFTY,,2025-05-29,2025-05-29,21600.00,CE,NIFTY25MAY21600CE,2883.35,2891.10,2871.40,2871.40,2871.40,2785.25,24414.40,2898.50,7350,0,18,33047133.75,18,F1,75,,,,,
2025-05-07,2025-05-07,FO,NSE,IDO,61401,,NIFTY,,2025-05-29,2025-05-29,21650.00,CE,NIFTY25MAY21650CE,0.00,0.00,0.00,2774.65,2774.65,2774.65,24414.40,2848.75,2025,0,0,0.00,0,F1,75,,,,,
2025-05-07,2025-05-07,FO,NSE,IDO,61499,,NIFTY,,2025-05-29,2025-05-29,22350.00,CE,NIFTY25MAY22350CE,2166.80,2166.80,2166.80,2166.80,2166.80,2127.15,24414.40,2166.80,2475,75,1,1838760.00,1,F1,75,,,,,
2025-05-07,2025-05-07,FO,NSE,IDO,61501,,NIFTY,,2025-05-29,2025-05-29,22400.00,CE,NIFTY25MAY22400CE,2111.00,2161.70,2099.10,2110.00,2110.00,2116.05,24414.40,2110.00,39525,-1500,28,51492731.25,16,F1,75,,,,,
2025-05-07,2025-05-07,FO,NSE,IDO,61517,,NIFTY,,2025-05-29,2025-05-29,22800.00,CE,NIFTY25MAY22800CE,1746.75,1750.00,1710.00,1725.00,1725.00,1700.00,24414.40,1725.00,122400,1575,53,97475703.75,26,F1,75,,,,,
2025-05-07,2025-05-07,FO,NSE,IDO,61527,,NIFTY,,2025-05-29,2025-05-29,23050.00,CE,NIFTY25MAY23050CE,1501.55,1501.55,1501.55,1501.55,1501.55,1459.25,24414.40,1501.55,5100,75,1,1841366.25,1,F1,75,,,,,
2025-05-07,2025-05-07,FO,NSE,IDO,61547,,NIFTY,,2025-05-29,2025-05-29,23550.00,CE,NIFTY25MAY23550CE,1050.00,1050.00,1009.45,1009.45,1009.45,1149.05,24414.40,1042.95,10500,-75,2,3686958.75,2,F1,75,,,,,
2025-05-07,2025-05-07,FO,NSE,IDO,61725,,NIFTY,,2025-05-29,2025-05-29,24800.00,CE,NIFTY25MAY24800CE,185.00,260.00,168.95,213.30,217.00,206.70,24414.40,213.30,743925,-31125,20776,38979556687.50,11381,F1,75,,,,,
2025-05-07,2025-05-07,FO,NSE,IDO,61753,,NIFTY,,2025-05-29,2025-05-29,24950.00,CE,NIFTY25MAY24950CE,151.35,195.55,133.40,156.25,159.50,151.35,24414.40,156.25,89025,-4500,1241,2336667217.50,792,F1,75,,,,,
2025-05-07,2025-05-07,FO,NSE,IDO,61783,,NIFTY,,2025-05-29,2025-05-29,25600.00,CE,NIFTY25MAY25600CE,33.00,47.90,30.75,35.85,36.05,34.55,24414.40,35.85,415950,15150,8926,17162798733.75,5480,F1,75,,,,,
2025-05-07,2025-05-07,FO,NSE,IDO,40389,,NIFTY,,2025-06-05,2025-06-05,23000.00,CE,NIFTY2560523000CE,0.00,0.00,0.00,1551.80,0.00,1551.80,24414.40,1575.85,0,0,0,0.00,0,F1,75,,,,,
2025-05-07,2025-05-07,FO,NSE,IDO,40393,,NIFTY,,2025-06-05,2025-06-05,23100.00,CE,NIFTY2560523100CE,0.00,0.00,0.00,1499.00,1499.00,1499.00,24414.40,1486.00,150,0,0,0.00,0,F1,75,,,,,
2025-05-07,2025-05-07,FO,NSE,IDO,40403,,NIFTY,,2025-06-05,2025-06-05,23250.00,CE,NIFTY2560523250CE,0.00,0.00,0.00,1338.90,0.00,1338.90,24414.40,1354.40,0,0,0,0.00,0,F1,75,,,,,
2025-05-07,2025-05-07,FO,NSE,IDO,40413,,NIFTY,,2025-06-05,2025-06-05,23500.00,CE,NIFTY2560523500CE,0.00,0.00,0.00,1138.70,0.00,1138.70,24414.40,1144.95,0,0,0,0.00,0,F1,75,,,,,
2025-05-07,2025-05-07,FO,NSE,IDO,40491,,NIFTY,,2025-06-05,2025-06-05,25000.00,CE,NIFTY2560525000CE,194.95,242.25,176.00,202.75,209.95,198.20,24414.40,202.75,21375,2625,361,682385257.50,298,F1,75,,,,,
2025-05-07,2025-05-07,FO,NSE,IDO,40499,,NIFTY,,2025-06-05,2025-06-05,25150.00,CE,NIFTY2560525150CE,0.00,0.00,0.00,253.05,0.00,253.05,24414.40,224.10,0,0,0,0.00,0,F1,75,,,,,
2025-05-07,2025-05-07,FO,NSE,IDO,40513,,NIFTY,,2025-06-05,2025-06-05,25400.00,CE,NIFTY2560525400CE,0.00,0.00,0.00,187.30,0.00,187.30,24414.40,159.95,0,0,0,0.00,0,F1,75,,,,,
2025-05-07,2025-05-07,FO,NSE,IDO,62065,,NIFTY,,2025-06-26,2025-06-26,20500.00,CE,NIFTY25JUN20500CE,4066.85,4066.85,4066.85,4066.85,4066.85,4004.20,24414.40,4066.85,375,75,1,1842513.75,1,F1,75,,,,,
2025-05-07,2025-05-07,FO,NSE,IDO,62099,,NIFTY,,2025-06-26,2025-06-26,20950.00,CE,NIFTY25JUN20950CE,0.00,0.00,0.00,3576.70,3576.70,3576.70,24414.40,3657.80,300,0,0,0.00,0,F1,75,,,,,
2025-05-07,2025-05-07,FO,NSE,IDO,62127,,NIFTY,,2025-06-26,2025-06-26,21200.00,CE,NIFTY25JUN21200CE,0.00,0.00,0.00,3338.50,3338.50,3338.50,24414.40,3411.70,300,0,0,0.00,0,F1,75,,,,,
2025-05-07,2025-05-07,FO,NSE,IDO,62175,,NIFTY,,2025-06-26,2025-06-26,22100.00,CE,NIFTY25JUN22100CE,2510.40,2510.40,2510.40,2510.40,2510.40,2453.80,24414.40,2539.50,600,75,1,1845780.00,1,F1,75,,,,,
2025-05-07,2025-05-07,FO,NSE,IDO,62347,,NIFTY,,2025-06-26,2025-06-26,23900.00,CE,NIFTY25JUN23900CE,1050.00,1050.00,993.10,1040.00,1040.00,1002.65,24414.40,1032.10,8475,-150,18,33647887.50,9,F1,75,,,,,
2025-05-07,2025-05-07,FO,NSE,IDO,62373,,NIFTY,,2025-06-26,2025-06-26,24450.00,CE,NIFTY25JUN24450CE,627.65,694.30,600.10,632.85,632.85,629.80,24414.40,632.85,15600,2625,116,218221248.75,40,F1,75,,,,,
2025-05-07,2025-05-07,FO,NSE,IDO,62375,,NIFTY,,2025-06-26,2025-06-26,24500.00,CE,NIFTY25JUN24500CE,594.05,666.00,530.25,613.65,611.85,603.85,24414.40,613.65,879225,107175,6142,11565417686.25,3713,F1,75,,,,,
2025-05-07,2025-05-07,FO,NSE,IDO,62403,,NIFTY,,2025-06-26,2025-06-26,25150.00,CE,NIFTY25JUN25150CE,303.80,326.70,270.90,294.80,294.80,337.85,24414.40,294.80,7875,2025,78,148804935.00,17,F1,75,,,,,
2025-05-07,2025-05-07,FO,NSE,IDO,62427,,NIFTY,,2025-06-26,2025-06-26,25650.00,CE,NIFTY25JUN25650CE,156.55,158.90,138.85,147.15,147.15,165.65,24414.40,242.20,375,225,4,7740108.75,4,F1,75,,,,,
2025-05-07,2025-05-07,FO,NSE,IDO,71383,,NIFTY,,2025-06-26,2025-06-26,26000.00,CE,NIFTY25JUN26000CE,72.00,102.75,70.60,90.15,90.70,86.55,24414.40,90.15,1841850,8525,13999,27388844988.75,8343,F1,75,,,,,
2025-05-07,2025-05-07,FO,NSE,IDO,55703,,NIFTY,,2025-07-31,2025-07-31,23000.00,CE,NIFTY25JUL23000CE,1907.95,1975.15,1907.95,1920.00,1920.00,1980.00,24414.40,1951.55,1125,150,7,13097730.00,7,F1,75,,,,,
2025-05-07,2025-05-07,FO,NSE,IDO,55723,,NIFTY,,2025-07-31,2025-07-31,23200.00,CE,NIFTY25JUL23200CE,0.00,0.00,0.00,1757.85,0.00,1757.85,24414.40,1794.35,0,0,0,0.00,0,F1,75,,,,,
2025-05-07,2025-05-07,FO,NSE,IDO,55739,,NIFTY,,2025-07-31,2025-07-31,23600.00,CE,NIFTY25JUL23600CE,0.00,0.00,0.00,1476.20,0.00,1476.20,24414.40,1498.45,0,0,0,0.00,0,F1,75,,,,,
2025-05-07,2025-05-07,FO,NSE,IDO,55747,,NIFTY,,2025-07-31,2025-07-31,23750.00,CE,NIFTY25JUL23750CE,0.00,0.00,0.00,1377.90,0.00,1377.90,24414.40,1394.70,0,0,0,0.00,0,F1,75,,,,,
2025-05-07,2025-05-07,FO,NSE,IDO,55781,,NIFTY,,2025-07-31,2025-07-31,24550.00,CE,NIFTY25JUL24550CE,832.70,832.70,796.50,796.50,796.50,788.45,24414.40,912.40,300,75,2,3804690.00,2,F1,75,,,,,
2025-05-07,2025-05-07,FO,NSE,IDO,55831,,NIFTY,,2025-07-31,2025-07-31,25600.00,CE,NIFTY25JUL25600CE,342.65,344.75,327.50,331.65,331.65,320.00,24414.40,467.15,1050,150,8,15561517.50,8,F1,75,,,,,
2025-05-07,2025-05-07,FO,NSE,IDO,55857,,NIFTY,,2025-07-31,2025-07-31,26200.00,CE,NIFTY25JUL26200CE,160.20,180.00,145.65,175.95,175.95,158.40,24414.40,175.95,7350,1650,46,90956257.50,30,F1,75,,,,,
2025-05-07,2025-05-07,FO,NSE,IDO,64690,,NIFTY,,2025-09-25,2025-09-25,23000.00,CE,NIFTY25SEP23000CE,2270.00,2299.95,2209.35,2286.15,2282.75,2256.70,24414.40,2286.15,122625,675,26,49277808.75,26,F1,75,,,,,
2025-05-07,2025-05-07,FO,NSE,IDO,50543,,NIFTY,,2025-12-24,2025-12-24,28000.00,CE,NIFTY25DEC28000CE,202.95,227.35,200.30,215.55,216.00,216.80,24414.40,215.55,480775,-600,1589,3362289442.50,1050,F1,75,,,,,
2025-05-07,2025-05-07,FO,NSE,IDO,58626,,NIFTY,,2026-06-25,2026-06-25,22000.00,CE,NIFTY26JUN22000CE,0.00,0.00,0.00,2722.55,0.00,2722.55,24414.40,4351.05,0,0,0,0.00,0,F1,75,,,,,
2025-05-07,2025-05-07,FO,NSE,IDO,58638,,NIFTY,,2026-12-31,2026-12-31,17000.00,CE,NIFTY26DEC17000CE,0.00,0.00,0.00,4955.10,0.00,4955.10,24414.40,9216.45,0,0,0,0.00,0,F1,75,,,,,
2025-05-07,2025-05-07,FO,NSE,IDO,71547,,NIFTY,,2027-06-24,2027-06-24,18000.00,CE,NIFTY27JUN18000CE,0.00,0.00,0.00,4066.45,0.00,4066.45,24414.40,8873.35,0,0,0,0.00,0,F1,75,,,,,
2025-05-07,2025-05-07,FO,NSE,IDO,71549,,NIFTY,,2027-06-24,2027-06-24,19000.00,CE,NIFTY27JUN19000CE,0.00,0.00,0.00,7800.00,7800.00,7800.00,24414.40,8055.00,75,0,0,0.00,0,F1,75,,,,,
2025-05-07,2025-05-07,FO,NSE,IDO,71560,,NIFTY,,2027-06-24,2027-06-24,24000.00,CE,NIFTY27JUN24000CE,0.00,0.00,0.00,2300.00,2300.00,2300.00,24414.40,4459.15,600,0,0,0.00,0,F1,75,,,,,
2025-05-07,2025-05-07,FO,NSE,IDO,67790,,NIFTY,,2028-12-28,2028-12-28,28000.00,CE,NIFTY28DEC28000CE,0.00,0.00,0.00,4027.15,0.00,4027.15,24414.40,4352.15,0,0,0,0.00,0,F1,75,,,,,
2025-05-07,2025-05-07,FO,NSE,IDO,86147,,NIFTY,,2028-06-29,2028-06-29,22000.00,CE,NIFTY28JUN22000CE,0.00,0.00,0.00,4759.50,0.00,4759.50,24414.40,7057.50,0,0,0,0.00,0,F1,75,,,,,
2025-05-07,2025-05-07,FO,NSE,IDO,53626,,NIFTY,,2027-12-30,2027-12-30,25000.00,CE,NIFTY27DEC25000CE,0.00,0.00,0.00,3458.35,0.00,3458.35,24414.40,4580.35,0,0,0,0.00,0,F1,75,,,,,
2025-05-07,2025-05-07,FO,NSE,IDO,53607,,NIFTY,,2027-12-30,2027-12-30,20000.00,CE,NIFTY27DEC20000CE,0.00,0.00,0.00,5333.85,0.00,5333.85,24414.40,7877.75,0,0,0,0.00,0,F1,75,,,,,
2025-05-07,2025-05-07,FO,NSE,IDO,38647,,NIFTY,,2025-05-08,2025-05-08,25200.00,PE,NIFTY2550825200PE,890.05,895.00,780.35,832.20,824.95,855.10,24414.40,832.20,19500,-18825,449,876729866.25,226,F1,75,,,,,
2025-05-07,2025-05-07,FO,NSE,IDO,89623,,NIFTY,,2029-06-28,2029-06-28,20000.00,PE,NIFTY29JUN20000PE,0.00,0.00,0.00,236.95,0.00,236.95,24414.40,240.60,0,0,0,0.00,0,F1,75,,,,,
2025-05-07,2025-05-07,FO,NSE,IDO,89615,,NIFTY,,2029-06-28,2029-06-28,19000.00,PE,NIFTY29JUN19000PE,0.00,0.00,0.00,170.30,0.00,170.30,24414.40,167.05,0,0,0,0.00,0,F1,75,,,,,
2025-05-07,2025-05-07,FO,NSE,IDO,53619,,NIFTY,,2027-12-30,2027-12-30,23000.00,PE,NIFTY27DEC23000PE,700.05,700.05,700.05,700.05,700.05,899.15,24414.40,700.05,2025,75,1,1777503.75,1,F1,75,,,,,
2025-05-07,2025-05-07,FO,NSE,IDO,53617,,NIFTY,,2027-12-30,2027-12-30,22000.00,PE,NIFTY27DEC22000PE,0.00,0.00,0.00,329.00,329.00,329.00,24414.40,452.35,25,0,0,0.00,0,F1,75,,,,,
2025-05-07,2025-05-07,FO,NSE,IDO,71557,,NIFTY,,2027-06-24,2027-06-24,22000.00,PE,NIFTY27JUN22000PE,0.00,0.00,0.00,3995.40,0.00,3995.40,24414.40,432.10,0,0,0,0.00,0,F1,75,,,,,
2025-05-07,2025-05-07,FO,NSE,IDO,71504,,NIFTY,,2026-12-31,2026-12-31,25000.00,PE,NIFTY26DEC25000PE,1080.05,1121.95,1080.05,1121.00,1121.95,1080.05,24414.40,1121.00,11100,75,8,15663637.50,8,F1,75,,,,,
2025-05-07,2025-05-07,FO,NSE,IDO,58637,,NIFTY,,2026-12-31,2026-12-31,16000.00,PE,NIFTY26DEC16000PE,0.00,0.00,0.00,23.30,23.30,23.30,24414.40,8.75,2425,0,0,0.00,0,F1,75,,,,,
2025-05-07,2025-05-07,FO,NSE,IDO,51455,,NIFTY,,2026-06-25,2026-06-25,21000.00,PE,NIFTY26JUN21000PE,0.00,0.00,0.00,275.05,275.05,275.05,24414.40,189.50,2175,0,0,0.00,0,F1,75,,,,,
2025-05-07,2025-05-07,FO,NSE,IDO,50448,,NIFTY,,2026-06-25,2026-06-25,15000.00,PE,NIFTY26JUN15000PE,0.00,0.00,0.00,20.20,20.20,20.20,24414.40,0.75,1000,0,0,0.00,0,F1,75,,,,,
2025-05-07,2025-05-07,FO,NSE,IDO,58623,,NIFTY,,2025-12-24,2025-12-24,22000.00,PE,NIFTY25DEC22000PE,320.05,337.65,283.00,296.00,294.10,304.30,24414.40,296.00,1561800,47150,3342,5588515050.00,2365,F1,75,,,,,
2025-05-07,2025-05-07,FO,NSE,IDO,64695,,NIFTY,,2025-09-25,2025-09-25,25000.00,PE,NIFTY25SEP25000PE,925.00,951.90,828.60,885.20,886.30,923.95,24414.40,885.20,464775,7950,615,1194005448.75,498,F1,75,,,,,
2025-05-07,2025-05-07,FO,NSE,IDO,55850,,NIFTY,,2025-07-31,2025-07-31,26000.00,PE,NIFTY25JUL26000PE,1514.05,1514.05,1440.00,1484.80,1488.90,1510.20,24414.40,1484.80,7650,825,31,63892106.25,24,F1,75,,,,,
2025-05-07,2025-05-07,FO,NSE,IDO,55840,,NIFTY,,2025-07-31,2025-07-31,25800.00,PE,NIFTY25JUL25800PE,0.00,0.00,0.00,1522.05,0.00,1522.05,24414.40,1391.25,0,0,0,0.00,0,F1,75,,,,,
2025-05-07,2025-05-07,FO,NSE,IDO,55838,,NIFTY,,2025-07-31,2025-07-31,25750.00,PE,NIFTY25JUL25750PE,1285.85,1285.95,1285.85,1285.90,1285.95,1487.55,24414.40,1285.90,150,150,2,4055385.00,2,F1,75,,,,,
2025-05-07,2025-05-07,FO,NSE,IDO,55836,,NIFTY,,2025-07-31,2025-07-31,25700.00,PE,NIFTY25JUL25700PE,1250.45,1250.75,1250.10,1250.50,1250.10,1453.45,24414.40,1250.50,300,300,4,8085146.25,4,F1,75,,,,,
2025-05-07,2025-05-07,FO,NSE,IDO,55776,,NIFTY,,2025-07-31,2025-07-31,24400.00,PE,NIFTY25JUL24400PE,630.00,643.40,575.25,596.05,596.05,627.70,24414.40,596.05,3900,-900,39,73119997.50,20,F1,75,,,,,
2025-05-07,2025-05-07,FO,NSE,IDO,55770,,NIFTY,,2025-07-31,2025-07-31,24250.00,PE,NIFTY25JUL24250PE,542.95,555.45,542.95,544.05,544.05,533.85,24414.40,544.05,75,0,3,5579433.75,3,F1,75,,,,,
2025-05-07,2025-05-07,FO,NSE,IDO,55758,,NIFTY,,2025-07-31,2025-07-31,24000.00,PE,NIFTY25JUL24000PE,550.00,550.00,447.00,472.30,469.00,495.90,24414.40,472.30,142875,16725,968,1777149491.25,673,F1,75,,,,,
2025-05-07,2025-05-07,FO,NSE,IDO,55734,,NIFTY,,2025-07-31,2025-07-31,23450.00,PE,NIFTY25JUL23450PE,343.15,343.15,340.55,341.35,340.60,359.80,24414.40,341.35,750,750,14,24980887.50,8,F1,75,,,,,
2025-05-07,2025-05-07,FO,NSE,IDO,55730,,NIFTY,,2025-07-31,2025-07-31,23350.00,PE,NIFTY25JUL23350PE,328.05,328.10,327.70,328.10,328.10,332.75,24414.40,254.55,300,300,4,7103396.25,4,F1,75,,,,,
2025-05-07,2025-05-07,FO,NSE,IDO,62444,,NIFTY,,2025-06-26,2025-06-26,25950.00,PE,NIFTY25JUN25950PE,1446.95,1446.95,1446.95,1446.95,1446.95,1498.65,24414.40,1446.95,225,75,1,2054771.25,1,F1,75,,,,,
2025-05-07,2025-05-07,FO,NSE,IDO,62440,,NIFTY,,2025-06-26,2025-06-26,25850.00,PE,NIFTY25JUN25850PE,1365.50,1365.50,1365.50,1365.50,1365.50,1259.35,24414.40,1365.50,150,75,1,2041162.50,1,F1,75,,,,,
2025-05-07,2025-05-07,FO,NSE,IDO,62432,,NIFTY,,2025-06-26,2025-06-26,25750.00,PE,NIFTY25JUN25750PE,1288.45,1288.45,1288.45,1288.45,1288.45,1371.30,24414.40,1288.45,300,75,1,2027883.75,1,F1,75,,,,,
2025-05-07,2025-05-07,FO,NSE,IDO,71382,,NIFTY,,2025-06-26,2025-06-26,25000.00,PE,NIFTY25JUN25000PE,810.05,835.90,721.00,779.10,771.00,803.15,24414.40,779.10,895250,2575,2591,5006919581.25,1650,F1,75,,,,,
2025-05-07,2025-05-07,FO,NSE,IDO,62384,,NIFTY,,2025-06-26,2025-06-26,24700.00,PE,NIFTY25JUN24700PE,640.60,670.00,580.10,621.00,614.00,648.25,24414.40,621.00,61425,-825,286,543261255.00,142,F1,75,,,,,
2025-05-07,2025-05-07,FO,NSE,IDO,62380,,NIFTY,,2025-06-26,2025-06-26,24600.00,PE,NIFTY25JUN24600PE,596.95,625.10,536.80,576.70,575.75,598.10,24414.40,576.70,55350,2025,557,1051725232.50,322,F1,75,,,,,
2025-05-07,2025-05-07,FO,NSE,IDO,62348,,NIFTY,,2025-06-26,2025-06-26,23900.00,PE,NIFTY25JUN23900PE,360.90,378.75,325.60,350.15,348.20,370.15,24414.40,350.15,54225,11775,718,1305868863.75,440,F1,75,,,,,
2025-05-07,2025-05-07,FO,NSE,IDO,62322,,NIFTY,,2025-06-26,2025-06-26,23300.00,PE,NIFTY25JUN23300PE,245.10,256.90,214.50,232.55,230.65,247.35,24414.40,232.55,43650,-5175,457,806642396.25,257,F1,75,,,,,
2025-05-07,2025-05-07,FO,NSE,IDO,62204,,NIFTY,,2025-06-26,2025-06-26,22600.00,PE,NIFTY25JUN22600PE,162.00,162.00,134.20,145.20,148.30,160.10,24414.40,145.20,81600,-1350,241,411186048.75,124,F1,75,,,,,
2025-05-07,2025-05-07,FO,NSE,IDO,62186,,NIFTY,,2025-06-26,2025-06-26,22150.00,PE,NIFTY25JUN22150PE,0.00,0.00,0.00,118.60,118.60,118.60,24414.40,25.40,375,0,0,0.00,0,F1,75,,,,,
2025-05-07,2025-05-07,FO,NSE,IDO,58619,,NIFTY,,2025-06-26,2025-06-26,22000.00,PE,NIFTY25JUN22000PE,125.00,125.05,95.00,102.10,102.75,111.40,24414.40,102.10,2430800,32475,6940,11505361286.25,4006,F1,75,,,,,
2025-05-07,2025-05-07,FO,NSE,IDO,62142,,NIFTY,,2025-06-26,2025-06-26,21450.00,PE,NIFTY25JUN21450PE,0.00,0.00,0.00,59.85,0.00,59.85,24414.40,6.35,0,0,0,0.00,0,F1,75,,,,,
2025-05-07,2025-05-07,FO,NSE,IDO,62126,,NIFTY,,2025-06-26,2025-06-26,21150.00,PE,NIFTY25JUN21150PE,0.00,0.00,0.00,39.45,0.00,39.45,24414.40,3.20,0,0,0,0.00,0,F1,75,,,,,
2025-05-07,2025-05-07,FO,NSE,IDO,51450,,NIFTY,,2025-06-26,2025-06-26,21000.00,PE,NIFTY25JUN21000PE,70.95,79.00,57.80,60.60,60.90,67.75,24414.40,60.60,1858975,-32175,6164,9737511352.50,3358,F1,75,,,,,
2025-05-07,2025-05-07,FO,NSE,IDO,62070,,NIFTY,,2025-06-26,2025-06-26,20550.00,PE,NIFTY25JUN20550PE,0.00,0.00,0.00,15.55,0.00,15.55,24414.40,0.70,0,0,0,0.00,0,F1,75,,,,,
2025-05-07,2025-05-07,FO,NSE,IDO,40546,,NIFTY,,2025-06-05,2025-06-05,26150.00,PE,NIFTY2560526150PE,0.00,0.00,0.00,1714.40,0.00,1714.40,24414.40,1651.45,0,0,0,0.00,0,F1,75,,,,,
2025-05-07,2025-05-07,FO,NSE,IDO,40494,,NIFTY,,2025-06-05,2025-06-05,25050.00,PE,NIFTY2560525050PE,0.00,0.00,0.00,838.55,0.00,838.55,24414.40,762.30,0,0,0,0.00,0,F1,75,,,,,
2025-05-07,2025-05-07,FO,NSE,IDO,40486,,NIFTY,,2025-06-05,2025-06-05,24850.00,PE,NIFTY2560524850PE,625.55,625.55,600.00,600.00,600.00,575.80,24414.40,633.85,150,0,3,5730082.50,2,F1,75,,,,,
2025-05-07,2025-05-07,FO,NSE,IDO,40479,,NIFTY,,2025-06-05,2025-06-05,24750.00,PE,NIFTY2560524750PE,0.00,0.00,0.00,649.75,0.00,649.75,24414.40,574.40,0,0,0,0.00,0,F1,75,,,,,
2025-05-07,2025-05-07,FO,NSE,IDO,40472,,NIFTY,,2025-06-05,2025-06-05,24600.00,PE,NIFTY2560524600PE,0.00,0.00,0.00,565.25,0.00,565.25,24414.40,491.50,0,0,0,0.00,0,F1,75,,,,,
2025-05-07,2025-05-07,FO,NSE,IDO,61796,,NIFTY,,2025-05-29,2025-05-29,25850.00,PE,NIFTY25MAY25850PE,1397.05,1397.05,1397.05,1397.05,1397.05,1414.85,24414.40,1397.05,375,75,1,2043528.75,1,F1,75,,,,,
2025-05-07,2025-05-07,FO,NSE,IDO,61776,,NIFTY,,2025-05-29,2025-05-29,25450.00,PE,NIFTY25MAY25450PE,1031.10,1031.10,1031.10,1031.10,1031.10,950.90,24414.40,1037.20,1050,75,1,1986082.50,1,F1,75,,,,,
2025-05-07,2025-05-07,FO,NSE,IDO,61560,,NIFTY,,2025-05-29,2025-05-29,23850.00,PE,NIFTY25MAY23850PE,209.85,237.10,183.05,203.70,197.85,215.20,24414.40,203.70,54975,4200,874,1577068995.00,532,F1,75,,,,,
2025-05-07,2025-05-07,FO,NSE,IDO,61548,,NIFTY,,2025-05-29,2025-05-29,23550.00,PE,NIFTY25MAY23550PE,163.65,177.00,134.30,150.90,147.25,163.65,24414.40,150.90,52125,9000,734,1304965920.00,410,F1,75,,,,,
2025-05-07,2025-05-07,FO,NSE,IDO,61510,,NIFTY,,2025-05-29,2025-05-29,22600.00,PE,NIFTY25MAY22600PE,79.45,82.60,59.40,67.10,66.60,75.70,24414.40,67.10,170550,16800,2071,3521410241.25,1320,F1,75,,,,,
2025-05-07,2025-05-07,FO,NSE,IDO,38655,,NIFTY,,2025-05-08,2025-05-08,25400.00,PE,NIFTY2550825400PE,987.10,1093.00,987.10,1028.55,1030.35,1055.25,24414.40,1028.55,2550,-900,77,152646397.50,42,F1,75,,,,,
2025-05-07,2025-05-07,FO,NSE,IDO,38641,,NIFTY,,2025-05-08,2025-05-08,25050.00,PE,NIFTY2550825050PE,698.55,746.95,609.75,687.60,687.60,698.50,24414.40,687.60,9975,900,122,235566337.50,88,F1,75,,,,,
2025-05-07,2025-05-07,FO,NSE,IDO,61470,,NIFTY,,2025-05-29,2025-05-29,21750.00,PE,NIFTY25MAY21750PE,42.25,48.10,34.75,36.25,35.85,41.40,24414.40,36.25,3975,-750,164,268006541.25,70,F1,75,,,,,
2025-05-07,2025-05-07,FO,NSE,IDO,61392,,NIFTY,,2025-05-29,2025-05-29,21400.00,PE,NIFTY25MAY21400PE,40.00,40.00,27.45,29.15,27.45,31.10,24414.40,29.15,111825,-14025,822,1321250857.50,519,F1,75,,,,,
2025-05-07,2025-05-07,FO,NSE,IDO,61376,,NIFTY,,2025-05-29,2025-05-29,21200.00,PE,NIFTY25MAY21200PE,30.65,33.60,23.75,25.75,24.10,28.05,24414.40,25.75,58650,7425,530,843785411.25,392,F1,75,,,,,
2025-05-07,2025-05-07,FO,NSE,IDO,61332,,NIFTY,,2025-05-29,2025-05-29,20550.00,PE,NIFTY25MAY20550PE,21.10,22.90,16.35,18.05,16.35,18.00,24414.40,18.05,7425,-900,215,331675616.25,194,F1,75,,,,,
2025-05-07,2025-05-07,FO,NSE,IDO,49322,,NIFTY,,2025-05-22,2025-05-22,25900.00,PE,NIFTY2552225900PE,0.00,0.00,0.00,1929.30,0.00,1929.30,24414.40,1434.35,0,0,0,0.00,0,F1,75,,,,,
2025-05-07,2025-05-07,FO,NSE,IDO,49203,,NIFTY,,2025-05-22,2025-05-22,24400.00,PE,NIFTY2552224400PE,319.05,352.75,275.20,305.95,295.00,311.35,24414.40,305.95,173475,50475,6173,11438571243.75,4417,F1,75,,,,,
2025-05-07,2025-05-07,FO,NSE,IDO,49197,,NIFTY,,2025-05-22,2025-05-22,24300.00,PE,NIFTY2552224300PE,304.90,329.75,241.90,268.75,264.00,275.25,24414.40,268.75,66450,12375,2750,5067998107.50,2103,F1,75,,,,,
2025-05-07,2025-05-07,FO,NSE,IDO,49146,,NIFTY,,2025-05-22,2025-05-22,23400.00,PE,NIFTY2552223400PE,90.55,108.00,76.20,89.80,87.80,94.70,24414.40,89.80,40500,22800,982,1730038788.75,646,F1,75,,,,,
2025-05-07,2025-05-07,FO,NSE,IDO,49138,,NIFTY,,2025-05-22,2025-05-22,23300.00,PE,NIFTY2552223300PE,0.00,0.00,0.00,203.25,0.00,203.25,24414.40,26.60,0,0,0,0.00,0,F1,75,,,,,
2025-05-07,2025-05-07,FO,NSE,IDO,49096,,NIFTY,,2025-05-22,2025-05-22,22450.00,PE,NIFTY2552222450PE,0.00,0.00,0.00,49.80,0.00,49.80,24414.40,1.40,0,0,0,0.00,0,F1,75,,,,,
2025-05-07,2025-05-07,FO,NSE,IDO,46337,,NIFTY,,2025-05-15,2025-05-15,26000.00,PE,NIFTY2551526000PE,1625.00,1675.00,1558.25,1615.00,1615.00,1582.00,24414.40,1615.00,5925,4575,68,140853888.75,67,F1,75,,,,,
2025-05-07,2025-05-07,FO,NSE,IDO,46301,,NIFTY,,2025-05-15,2025-05-15,25200.00,PE,NIFTY2551525200PE,921.00,921.00,781.00,820.65,813.00,837.85,24414.40,820.65,25350,6750,300,585410936.25,145,F1,75,,,,,
2025-05-07,2025-05-07,FO,NSE,IDO,46287,,NIFTY,,2025-05-15,2025-05-15,24900.00,PE,NIFTY2551524900PE,551.95,605.00,486.00,550.50,542.60,562.60,24414.40,550.50,34050,5175,718,1370484573.75,438,F1,75,,,,,
2025-05-07,2025-05-07,FO,NSE,IDO,46277,,NIFTY,,2025-05-15,2025-05-15,24650.00,PE,NIFTY2551524650PE,402.40,415.25,316.90,362.20,355.70,364.90,24414.40,362.20,27150,-9750,1849,3468977595.00,1335,F1,75,,,,,
2025-05-07,2025-05-07,FO,NSE,IDO,46257,,NIFTY,,2025-05-15,2025-05-15,24150.00,PE,NIFTY2551524150PE,193.95,193.95,127.05,149.20,140.00,145.05,24414.40,149.20,164250,37275,17780,32404342353.75,12830,F1,75,,,,,
2025-05-07,2025-05-07,FO,NSE,IDO,40399,,NIFTY,,2025-06-05,2025-06-05,23200.00,CE,NIFTY2560523200CE,0.00,0.00,0.00,1380.55,0.00,1380.55,24414.40,1397.80,0,0,0,0.00,0,F1,75,,,,,
2025-05-07,2025-05-07,FO,NSE,IDO,61799,,NIFTY,,2025-05-29,2025-05-29,25950.00,CE,NIFTY25MAY25950CE,20.45,23.00,16.85,18.60,18.40,17.75,24414.40,18.60,37875,12375,553,1077057821.25,329,F1,75,,,,,
2025-05-07,2025-05-07,FO,NSE,IDO,61751,,NIFTY,,2025-05-29,2025-05-29,24900.00,CE,NIFTY25MAY24900CE,149.50,215.10,140.95,174.60,180.30,169.55,24414.40,174.60,461775,-10425,11030,20741958018.75,7351,F1,75,,,,,
2025-05-07,2025-05-07,FO,NSE,IDO,61689,,NIFTY,,2025-05-29,2025-05-29,24650.00,CE,NIFTY25MAY24650CE,250.00,333.00,247.40,280.85,288.75,270.75,24414.40,280.85,94875,8625,1913,3576230546.25,1253,F1,75,,,,,
2025-05-07,2025-05-07,FO,NSE,IDO,61685,,NIFTY,,2025-05-29,2025-05-29,24550.00,CE,NIFTY25MAY24550CE,297.95,388.70,296.80,333.10,334.75,322.70,24414.40,333.10,132000,2700,1851,3453862372.50,1144,F1,75,,,,,
2025-05-07,2025-05-07,FO,NSE,IDO,61679,,NIFTY,,2025-05-29,2025-05-29,24400.00,CE,NIFTY25MAY24400CE,381.05,481.40,351.05,419.65,424.95,411.10,24414.40,419.65,1010775,150,28054,52221388301.25,18407,F1,75,,,,,
2025-05-07,2025-05-07,FO,NSE,IDO,61545,,NIFTY,,2025-05-29,2025-05-29,23500.00,CE,NIFTY25MAY23500CE,1001.00,1175.50,1001.00,1100.95,1104.30,1081.80,24414.40,1100.95,1265850,-7725,1208,2228796945.00,920,F1,75,,,,,
2025-05-07,2025-05-07,FO,NSE,IDO,61541,,NIFTY,,2025-05-29,2025-05-29,23400.00,CE,NIFTY25MAY23400CE,1162.20,1238.75,1133.00,1187.35,1186.20,1162.20,24414.40,1187.35,207975,4275,256,471971756.25,93,F1,75,,,,,
2025-05-07,2025-05-07,FO,NSE,IDO,61537,,NIFTY,,2025-05-29,2025-05-29,23300.00,CE,NIFTY25MAY23300CE,1306.00,1336.00,1227.05,1268.50,1272.90,1255.00,24414.40,1268.50,246675,131250,2545,4689197235.00,950,F1,75,,,,,
2025-05-07,2025-05-07,FO,NSE,IDO,61531,,NIFTY,,2025-05-29,2025-05-29,23150.00,CE,NIFTY25MAY23150CE,1411.90,1413.00,1411.75,1412.15,1412.15,1410.00,24414.40,1391.35,3150,0,4,7368660.00,4,F1,75,,,,,
2025-05-07,2025-05-07,FO,NSE,IDO,38472,,NIFTY,,2025-05-08,2025-05-08,22000.00,CE,NIFTY2550822000CE,2360.00,2415.00,2310.00,2361.25,2371.35,2361.20,24414.40,2361.25,31050,-5400,158,288628203.75,129,F1,75,,,,,
2025-05-07,2025-05-07,FO,NSE,IDO,38476,,NIFTY,,2025-05-08,2025-05-08,22050.00,CE,NIFTY2550822050CE,0.00,0.00,0.00,2046.80,2005.25,2046.80,24414.40,2368.30,300,0,0,0.00,0,F1,75,,,,,
2025-05-07,2025-05-07,FO,NSE,IDO,38478,,NIFTY,,2025-05-08,2025-05-08,22100.00,CE,NIFTY2550822100CE,2262.55,2300.00,2240.00,2249.95,2249.95,2427.45,24414.40,2318.30,825,-825,18,32881226.25,12,F1,75,,,,,
2025-05-07,2025-05-07,FO,NSE,IDO,38492,,NIFTY,,2025-05-08,2025-05-08,22450.00,CE,NIFTY2550822450CE,1902.15,1924.00,1894.00,1894.00,1894.00,2079.00,24414.40,1968.40,600,-150,8,14611166.25,5,F1,75,,,,,
2025-05-07,2025-05-07,FO,NSE,IDO,38540,,NIFTY,,2025-05-08,2025-05-08,23250.00,CE,NIFTY2550823250CE,1171.20,1207.20,1102.70,1109.65,1109.65,1137.35,24414.40,1168.55,2100,-675,20,36559578.75,19,F1,75,,,,,
2025-05-07,2025-05-07,FO,NSE,IDO,38619,,NIFTY,,2025-05-08,2025-05-08,24600.00,CE,NIFTY2550824600CE,9.35,35.45,5.55,10.60,9.50,13.05,24414.40,10.60,9344550,942975,3533703,6523440341617.50,962898,F1,75,,,,,
2025-05-07,2025-05-07,FO,NSE,IDO,38623,,NIFTY,,2025-05-08,2025-05-08,24650.00,CE,NIFTY2550824650CE,6.00,25.80,4.55,7.90,6.80,9.90,24414.40,7.90,4568775,969075,1891628,3498617709941.25,498709,F1,75,,,,,
2025-05-07,2025-05-07,FO,NSE,IDO,38646,,NIFTY,,2025-05-08,2025-05-08,25200.00,CE,NIFTY2550825200CE,1.45,1.85,1.05,1.45,1.15,1.85,24414.40,1.45,7294350,1208850,593006,1120846789807.50,104988,F1,75,,,,,
2025-05-07,2025-05-07,FO,NSE,IDO,38648,,NIFTY,,2025-05-08,2025-05-08,25250.00,CE,NIFTY2550825250CE,1.70,1.75,1.00,1.35,1.05,1.75,24414.40,1.35,1706475,-3975,155346,294203068552.50,30428,F1,75,,,,,
2025-05-07,2025-05-07,FO,NSE,IDO,38650,,NIFTY,,2025-05-08,2025-05-08,25300.00,CE,NIFTY2550825300CE,1.45,1.70,0.95,1.20,1.00,1.65,24414.40,1.20,3937200,324375,406375,771137381403.75,76243,F1,75,,,,,
2025-05-07,2025-05-07,FO,NSE,IDO,38670,,NIFTY,,2025-05-08,2025-05-08,25750.00,CE,NIFTY2550825750CE,1.05,1.30,0.65,0.95,0.65,1.20,24414.40,0.95,636225,-163500,79783,154087039106.25,18391,F1,75,,,,,
2025-05-07,2025-05-07,FO,NSE,IDO,46092,,NIFTY,,2025-05-15,2025-05-15,21050.00,CE,NIFTY2551521050CE,0.00,0.00,0.00,3015.70,3015.70,3015.70,24414.40,3394.15,75,0,0,0.00,0,F1,75,,,,,
2025-05-07,2025-05-07,FO,NSE,IDO,46133,,NIFTY,,2025-05-15,2025-05-15,21850.00,CE,NIFTY2551521850CE,2530.65,2568.75,2530.65,2556.30,2568.75,2690.60,24414.40,2556.30,225,0,3,5489490.00,3,F1,75,,,,,
2025-05-07,2025-05-07,FO,NSE,IDO,46145,,NIFTY,,2025-05-15,2025-05-15,22100.00,CE,NIFTY2551522100CE,2280.00,2330.00,2270.00,2300.00,2300.00,2247.70,24414.40,2345.65,2100,750,13,23774175.00,12,F1,75,,,,,
2025-05-07,2025-05-07,FO,NSE,IDO,46198,,NIFTY,,2025-05-15,2025-05-15,23150.00,CE,NIFTY2551523150CE,1265.25,1265.25,1253.95,1253.95,1253.95,1333.60,24414.40,1300.05,2850,1950,26,47597111.25,11,F1,75,,,,,
2025-05-07,2025-05-07,FO,NSE,IDO,46228,,NIFTY,,2025-05-15,2025-05-15,23750.00,CE,NIFTY2551523750CE,707.00,745.00,690.85,725.00,725.00,803.55,24414.40,725.00,1500,-375,23,42191066.25,16,F1,75,,,,,
2025-05-07,2025-05-07,FO,NSE,IDO,46262,,NIFTY,,2025-05-15,2025-05-15,24300.00,CE,NIFTY2551524300CE,221.20,345.00,207.95,286.05,288.60,266.55,24414.40,286.05,553950,197850,59812,110265381123.75,38063,F1,75,,,,,
2025-05-07,2025-05-07,FO,NSE,IDO,46264,,NIFTY,,2025-05-15,2025-05-15,24350.00,CE,NIFTY2551524350CE,215.35,310.00,188.45,254.60,258.95,235.50,24414.40,254.60,256800,114525,42363,78153416977.50,27918,F1,75,,,,,
2025-05-07,2025-05-07,FO,NSE,IDO,46266,,NIFTY,,2025-05-15,2025-05-15,24400.00,CE,NIFTY2551524400CE,180.00,277.75,140.05,224.30,226.50,206.75,24414.40,224.30,1807575,577200,159852,295184294647.50,99943,F1,75,,,,,
2025-05-07,2025-05-07,FO,NSE,IDO,49087,,NIFTY,,2025-05-22,2025-05-22,22250.00,CE,NIFTY2552222250CE,0.00,0.00,0.00,1766.95,0.00,1766.95,24414.40,2223.90,0,0,0,0.00,0,F1,75,,,,,
2025-05-07,2025-05-07,FO,NSE,IDO,49123,,NIFTY,,2025-05-22,2025-05-22,23100.00,CE,NIFTY2552223100CE,0.00,0.00,0.00,1327.60,1327.60,1327.60,24414.40,1390.20,75,0,0,0.00,0,F1,75,,,,,
2025-05-07,2025-05-07,FO,NSE,IDO,49135,,NIFTY,,2025-05-22,2025-05-22,23250.00,CE,NIFTY2552223250CE,0.00,0.00,0.00,1228.20,1228.20,1228.20,24414.40,1248.95,75,0,0,0.00,0,F1,75,,,,,
2025-05-07,2025-05-07,FO,NSE,IDO,49149,,NIFTY,,2025-05-22,2025-05-22,23500.00,CE,NIFTY2552223500CE,995.45,1070.00,974.00,1019.80,1029.45,995.45,24414.40,1019.80,9525,7875,169,310566618.75,84,F1,75,,,,,
2025-05-07,2025-05-07,FO,NSE,IDO,49151,,NIFTY,,2025-05-22,2025-05-22,23550.00,CE,NIFTY2552223550CE,981.20,981.90,980.85,981.25,981.90,971.05,24414.40,981.25,675,600,8,14718727.50,8,F1,75,,,,,
2025-05-07,2025-05-07,FO,NSE,IDO,49190,,NIFTY,,2025-05-22,2025-05-22,24200.00,CE,NIFTY2552224200CE,443.45,518.45,418.00,460.95,470.90,454.80,24414.40,460.95,9225,1050,366,676927282.50,247,F1,75,,,,,
2025-05-07,2025-05-07,FO,NSE,IDO,49196,,NIFTY,,2025-05-22,2025-05-22,24300.00,CE,NIFTY2552224300CE,325.00,450.00,325.00,393.00,394.55,380.35,24414.40,393.00,45300,17850,1571,2909055858.75,1167,F1,75,,,,,
2025-05-07,2025-05-07,FO,NSE,IDO,49236,,NIFTY,,2025-05-22,2025-05-22,24950.00,CE,NIFTY2552224950CE,85.15,102.05,76.45,92.00,92.85,85.15,24414.40,92.00,7275,2250,160,300444150.00,72,F1,75,,,,,
2025-05-07,2025-05-07,FO,NSE,IDO,49262,,NIFTY,,2025-05-22,2025-05-22,25150.00,CE,NIFTY2552225150CE,0.00,0.00,0.00,114.45,0.00,114.45,24414.40,102.10,0,0,0,0.00,0,F1,75,,,,,
2025-05-07,2025-05-07,FO,NSE,IDO,49313,,NIFTY,,2025-05-22,2025-05-22,25750.00,CE,NIFTY2552225750CE,10.95,15.05,9.20,11.20,11.20,12.15,24414.40,11.20,5625,2925,132,255036330.00,36,F1,75,,,,,
2025-05-07,2025-05-07,FO,NSE,IDO,61807,,NIFTY,,2025-05-29,2025-05-29,26150.00,CE,NIFTY25MAY26150CE,15.80,17.75,13.75,15.75,15.50,14.35,24414.40,15.75,48225,2325,978,1919225512.50,621,F1,75,,,,,
2025-05-07,2025-05-07,FO,NSE,IDO,89611,,NIFTY,,2029-06-28,2029-06-28,17000.00,PE,NIFTY29JUN17000PE,0.00,0.00,0.00,79.30,0.00,79.30,24414.40,71.25,0,0,0,0.00,0,F1,75,,,,,
2025-05-07,2025-05-07,FO,NSE,IDO,67789,,NIFTY,,2028-12-28,2028-12-28,27000.00,PE,NIFTY28DEC27000PE,0.00,0.00,0.00,1413.85,0.00,1413.85,24414.40,1548.40,0,0,0,0.00,0,F1,75,,,,,
2025-05-07,2025-05-07,FO,NSE,IDO,67783,,NIFTY,,2028-12-28,2028-12-28,24000.00,PE,NIFTY28DEC24000PE,0.00,0.00,0.00,914.30,914.30,914.30,24414.40,797.25,600,0,0,0.00,0,F1,75,,,,,
2025-05-07,2025-05-07,FO,NSE,IDO,86146,,NIFTY,,2028-06-29,2028-06-29,21000.00,PE,NIFTY28JUN21000PE,0.00,0.00,0.00,907.20,0.00,907.20,24414.40,328.40,0,0,0,0.00,0,F1,75,,,,,
2025-05-07,2025-05-07,FO,NSE,IDO,53606,,NIFTY,,2027-12-30,2027-12-30,19000.00,PE,NIFTY27DEC19000PE,0.00,0.00,0.00,299.95,299.95,299.95,24414.40,134.25,525,0,0,0.00,0,F1,75,,,,,
2025-05-07,2025-05-07,FO,NSE,IDO,37810,,NIFTY,,2026-12-31,2026-12-31,23000.00,PE,NIFTY26DEC23000PE,666.05,666.10,659.05,663.00,663.00,655.05,24414.40,589.85,21550,-425,11,19522976.25,7,F1,75,,,,,
2025-05-07,2025-05-07,FO,NSE,IDO,58643,,NIFTY,,2026-12-31,2026-12-31,19000.00,PE,NIFTY26DEC19000PE,0.00,0.00,0.00,361.00,361.00,361.00,24414.40,85.05,1725,0,0,0.00,0,F1,75,,,,,
2025-05-07,2025-05-07,FO,NSE,IDO,62927,,NIFTY,,2026-03-26,2026-03-26,25000.00,PE,NIFTY26MAR25000PE,0.00,0.00,0.00,1307.55,0.00,1307.55,24414.40,1119.50,0,0,0,0.00,0,F1,75,,,,,
2025-05-07,2025-05-07,FO,NSE,IDO,62919,,NIFTY,,2026-03-26,2026-03-26,21000.00,PE,NIFTY26MAR21000PE,0.00,0.00,0.00,191.35,0.00,191.35,24414.40,148.10,0,0,0,0.00,0,F1,75,,,,,
2025-05-07,2025-05-07,FO,NSE,IDO,64689,,NIFTY,,2025-09-25,2025-09-25,22000.00,PE,NIFTY25SEP22000PE,233.45,239.20,200.05,215.90,215.00,228.50,24414.40,215.90,430500,-28275,2606,4342238208.75,1954,F1,75,,,,,
2025-05-07,2025-05-07,FO,NSE,IDO,64679,,NIFTY,,2025-09-25,2025-09-25,17000.00,PE,NIFTY25SEP17000PE,0.00,0.00,0.00,28.05,28.05,28.05,24414.40,0.05,375,0,0,0.00,0,F1,75,,,,,
2025-05-07,2025-05-07,FO,NSE,IDO,55858,,NIFTY,,2025-07-31,2025-07-31,26200.00,PE,NIFTY25JUL26200PE,1616.40,1616.65,1616.00,1616.45,1616.00,1812.20,24414.40,1616.45,375,375,5,10431161.25,5,F1,75,,,,,
2025-05-07,2025-05-07,FO,NSE,IDO,55843,,NIFTY,,2025-07-31,2025-07-31,25850.00,PE,NIFTY25JUL25850PE,1355.00,1355.30,1354.65,1355.05,1354.65,1556.90,24414.40,1355.05,300,300,4,8161511.25,4,F1,75,,,,,
2025-05-07,2025-05-07,FO,NSE,IDO,55834,,NIFTY,,2025-07-31,2025-07-31,25650.00,PE,NIFTY25JUL25650PE,1216.80,1217.10,1216.45,1216.85,1216.45,1419.70,24414.40,1216.85,300,300,4,8060051.25,4,F1,75,,,,,
2025-05-07,2025-05-07,FO,NSE,IDO,55806,,NIFTY,,2025-07-31,2025-07-31,25150.00,PE,NIFTY25JUL25150PE,0.00,0.00,0.00,1104.35,0.00,1104.35,24414.40,978.65,0,0,0,0.00,0,F1,75,,,,,
2025-05-07,2025-05-07,FO,NSE,IDO,55784,,NIFTY,,2025-07-31,2025-07-31,24600.00,PE,NIFTY25JUL24600PE,696.80,696.80,670.00,670.00,670.00,685.00,24414.40,670.00,975,-75,5,9480615.00,5,F1,75,,,,,
2025-05-07,2025-05-07,FO,NSE,IDO,55774,,NIFTY,,2025-07-31,2025-07-31,24350.00,PE,NIFTY25JUL24350PE,572.85,574.95,570.05,574.90,574.80,547.05,24414.40,574.90,375,300,6,11215687.50,6,F1,75,,,,,
2025-05-07,2025-05-07,FO,NSE,IDO,55746,,NIFTY,,2025-07-31,2025-07-31,23700.00,PE,NIFTY25JUL23700PE,401.25,457.25,401.25,457.25,457.25,401.25,24414.40,347.55,3450,-75,2,3619387.50,2,F1,75,,,,,
2025-05-07,2025-05-07,FO,NSE,IDO,55726,,NIFTY,,2025-07-31,2025-07-31,23250.00,PE,NIFTY25JUL23250PE,309.45,309.45,309.10,309.10,309.10,306.45,24414.40,231.65,150,150,2,3533891.25,2,F1,75,,,,,
2025-05-07,2025-05-07,FO,NSE,IDO,55720,,NIFTY,,2025-07-31,2025-07-31,23100.00,PE,NIFTY25JUL23100PE,310.00,310.00,267.30,270.15,270.15,294.35,24414.40,270.15,7500,1725,58,101695425.00,32,F1,75,,,,,
2025-05-07,2025-05-07,FO,NSE,IDO,55706,,NIFTY,,2025-07-31,2025-07-31,23050.00,PE,NIFTY25JUL23050PE,0.00,0.00,0.00,274.00,274.00,274.00,24414.40,190.45,225,0,0,0.00,0,F1,75,,,,,
2025-05-07,2025-05-07,FO,NSE,IDO,55684,,NIFTY,,2025-07-31,2025-07-31,22550.00,PE,NIFTY25JUL22550PE,0.00,0.00,0.00,161.30,0.00,161.30,24414.40,111.70,0,0,0,0.00,0,F1,75,,,,,
2025-05-07,2025-05-07,FO,NSE,IDO,62460,,NIFTY,,2025-06-26,2025-06-26,26150.00,PE,NIFTY25JUN26150PE,1616.40,1616.40,1616.40,1616.40,1616.40,2227.80,24414.40,1616.40,75,75,1,2082480.00,1,F1,75,,,,,
2025-05-07,2025-05-07,FO,NSE,IDO,62342,,NIFTY,,2025-06-26,2025-06-26,23750.00,PE,NIFTY25JUN23750PE,330.00,335.95,295.95,304.70,304.70,318.55,24414.40,254.05,7500,-375,29,52327623.75,14,F1,75,,,,,
2025-05-07,2025-05-07,FO,NSE,IDO,62336,,NIFTY,,2025-06-26,2025-06-26,23650.00,PE,NIFTY25JUN23650PE,280.40,291.85,280.40,291.85,291.85,312.90,24414.40,227.80,5925,75,2,3590418.75,2,F1,75,,,,,
2025-05-07,2025-05-07,FO,NSE,IDO,62266,,NIFTY,,2025-06-26,2025-06-26,23050.00,PE,NIFTY25JUN23050PE,211.00,217.50,183.55,195.35,195.35,188.45,24414.40,195.35,5625,-300,66,115064895.00,21,F1,75,,,,,
2025-05-07,2025-05-07,FO,NSE,IDO,62214,,NIFTY,,2025-06-26,2025-06-26,22800.00,PE,NIFTY25JUN22800PE,180.00,183.00,152.00,165.55,164.05,178.30,24414.40,165.55,76725,1725,272,468477168.75,143,F1,75,,,,,
2025-05-07,2025-05-07,FO,NSE,IDO,62164,,NIFTY,,2025-06-26,2025-06-26,21800.00,PE,NIFTY25JUN21800PE,94.00,101.55,83.05,88.80,85.85,96.40,24414.40,88.80,103500,-450,201,329999786.25,97,F1,75,,,,,
2025-05-07,2025-05-07,FO,NSE,IDO,62104,,NIFTY,,2025-06-26,2025-06-26,20950.00,PE,NIFTY25JUN20950PE,0.00,0.00,0.00,29.35,0.00,29.35,24414.40,2.00,0,0,0,0.00,0,F1,75,,,,,
2025-05-07,2025-05-07,FO,NSE,IDO,62080,,NIFTY,,2025-06-26,2025-06-26,20750.00,PE,NIFTY25JUN20750PE,0.00,0.00,0.00,21.55,0.00,21.55,24414.40,1.20,0,0,0,0.00,0,F1,75,,,,,
2025-05-07,2025-05-07,FO,NSE,IDO,62062,,NIFTY,,2025-06-26,2025-06-26,20400.00,PE,NIFTY25JUN20400PE,0.00,0.00,0.00,47.85,47.85,47.85,24414.40,0.45,9825,0,0,0.00,0,F1,75,,,,,
2025-05-07,2025-05-07,FO,NSE,IDO,39986,,NIFTY,,2025-06-26,2025-06-26,19000.00,PE,NIFTY25JUN19000PE,32.00,32.00,23.00,24.05,23.65,27.00,24414.40,24.05,520000,14700,1848,2636979941.25,832,F1,75,,,,,
2025-05-07,2025-05-07,FO,NSE,IDO,45866,,NIFTY,,2025-06-26,2025-06-26,17000.00,PE,NIFTY25JUN17000PE,14.00,14.05,11.60,12.40,12.45,14.00,24414.40,12.40,171375,-1200,220,280705436.25,85,F1,75,,,,,
2025-05-07,2025-05-07,FO,NSE,IDO,40548,,NIFTY,,2025-06-05,2025-06-05,26200.00,PE,NIFTY2560526200PE,0.00,0.00,0.00,1759.20,0.00,1759.20,24414.40,1697.05,0,0,0,0.00,0,F1,75,,,,,
2025-05-07,2025-05-07,FO,NSE,IDO,40542,,NIFTY,,2025-06-05,2025-06-05,26050.00,PE,NIFTY2560526050PE,0.00,0.00,0.00,1625.75,0.00,1625.75,24414.40,1561.15,0,0,0,0.00,0,F1,75,,,,,
2025-05-07,2025-05-07,FO,NSE,IDO,40524,,NIFTY,,2025-06-05,2025-06-05,25600.00,PE,NIFTY2560525600PE,0.00,0.00,0.00,1246.10,0.00,1246.10,24414.40,1174.50,0,0,0,0.00,0,F1,75,,,,,
2025-05-07,2025-05-07,FO,NSE,IDO,40452,,NIFTY,,2025-06-05,2025-06-05,24300.00,PE,NIFTY2560524300PE,378.05,401.55,341.00,364.15,360.95,386.80,24414.40,364.15,10275,2400,84,155339812.50,48,F1,75,,,,,
2025-05-07,2025-05-07,FO,NSE,IDO,40450,,NIFTY,,2025-06-05,2025-06-05,24250.00,PE,NIFTY2560524250PE,0.00,0.00,0.00,395.10,0.00,395.10,24414.40,327.95,0,0,0,0.00,0,F1,75,,,,,
2025-05-07,2025-05-07,FO,NSE,IDO,40442,,NIFTY,,2025-06-05,2025-06-05,24150.00,PE,NIFTY2560524150PE,350.15,350.15,315.45,331.20,331.20,365.10,24414.40,331.20,225,150,4,7344600.00,3,F1,75,,,,,
2025-05-07,2025-05-07,FO,NSE,IDO,40428,,NIFTY,,2025-06-05,2025-06-05,23800.00,PE,NIFTY2560523800PE,234.00,234.05,220.10,228.00,228.00,230.95,24414.40,178.40,0,0,8,14416792.50,6,F1,75,,,,,
2025-05-07,2025-05-07,FO,NSE,IDO,40388,,NIFTY,,2025-06-05,2025-06-05,22950.00,PE,NIFTY2560522950PE,0.00,0.00,0.00,63.90,0.00,63.90,24414.40,39.65,0,0,0,0.00,0,F1,75,,,,,
2025-05-07,2025-05-07,FO,NSE,IDO,61788,,NIFTY,,2025-05-29,2025-05-29,25700.00,PE,NIFTY25MAY25700PE,1274.60,1274.60,1249.40,1264.60,1264.60,1224.30,24414.40,1264.60,20250,0,4,8089398.75,4,F1,75,,,,,
2025-05-07,2025-05-07,FO,NSE,IDO,61768,,NIFTY,,2025-05-29,2025-05-29,25300.00,PE,NIFTY25MAY25300PE,925.00,961.50,860.05,911.30,907.90,924.00,24414.40,911.30,24450,1425,123,241755453.75,56,F1,75,,,,,
2025-05-07,2025-05-07,FO,NSE,IDO,61766,,NIFTY,,2025-05-29,2025-05-29,25250.00,PE,NIFTY25MAY25250PE,846.75,850.25,846.75,850.25,850.25,778.20,24414.40,850.25,1050,-75,2,3914775.00,2,F1,75,,,,,
2025-05-07,2025-05-07,FO,NSE,IDO,61758,,NIFTY,,2025-05-29,2025-05-29,25050.00,PE,NIFTY25MAY25050PE,695.40,695.40,695.40,695.40,695.40,729.15,24414.40,730.20,6075,0,1,1930905.00,1,F1,75,,,,,
2025-05-07,2025-05-07,FO,NSE,IDO,61752,,NIFTY,,2025-05-29,2025-05-29,24900.00,PE,NIFTY25MAY24900PE,635.55,663.45,569.00,609.25,604.85,630.55,24414.40,609.25,48300,-2325,484,925950791.25,330,F1,75,,,,,
2025-05-07,2025-05-07,FO,NSE,IDO,61329,,NIFTY,,2025-05-29,2025-05-29,20500.00,CE,NIFTY25MAY20500CE,3910.00,3991.35,3910.00,3949.45,3948.00,3908.45,24414.40,3949.45,142575,525,41,75189993.75,25,F1,75,,,,,
2025-05-07,2025-05-07,FO,NSE,IDO,61339,,NIFTY,,2025-05-29,2025-05-29,20750.00,CE,NIFTY25MAY20750CE,0.00,0.00,0.00,3420.95,3420.95,3420.95,24414.40,3744.95,1050,0,0,0.00,0,F1,75,,,,,
2025-05-07,2025-05-07,FO,NSE,IDO,61355,,NIFTY,,2025-05-29,2025-05-29,21000.00,CE,NIFTY25MAY21000CE,3441.35,3501.85,3405.10,3462.35,3464.25,3441.35,24414.40,3462.35,541725,-12900,584,1072047176.25,493,F1,75,,,,,
2025-05-07,2025-05-07,FO,NSE,IDO,61373,,NIFTY,,2025-05-29,2025-05-29,21200.00,CE,NIFTY25MAY21200CE,3275.25,3275.25,3275.25,3275.25,3275.25,3215.80,24414.40,3296.75,3300,75,1,1835643.75,1,F1,75,,,,,
2025-05-07,2025-05-07,FO,NSE,IDO,61475,,NIFTY,,2025-05-29,2025-05-29,21900.00,CE,NIFTY25MAY21900CE,2588.30,2614.25,2588.30,2592.45,2592.45,2527.70,24414.40,2600.30,4500,0,4,7348747.50,4,F1,75,,,,,
2025-05-07,2025-05-07,FO,NSE,IDO,61513,,NIFTY,,2025-05-29,2025-05-29,22700.00,CE,NIFTY25MAY22700CE,1821.90,1900.00,1775.00,1838.50,1838.55,1803.90,24414.40,1838.50,268425,0,22,40461783.75,15,F1,75,,,,,
2025-05-07,2025-05-07,FO,NSE,IDO,61690,,NIFTY,,2025-05-29,2025-05-29,24650.00,PE,NIFTY25MAY24650PE,496.95,511.20,428.65,469.55,465.00,486.45,24414.40,469.55,52350,2400,539,1015227315.00,338,F1,75,,,,,
2025-05-07,2025-05-07,FO,NSE,IDO,61678,,NIFTY,,2025-05-29,2025-05-29,24350.00,PE,NIFTY25MAY24350PE,367.05,381.25,308.40,340.90,332.70,358.50,24414.40,340.90,178425,-8325,5996,11105433168.75,4376,F1,75,,,,,
2025-05-07,2025-05-07,FO,NSE,IDO,61668,,NIFTY,,2025-05-29,2025-05-29,24100.00,PE,NIFTY25MAY24100PE,315.00,315.05,237.35,263.25,259.45,279.65,24414.40,263.25,994050,-31050,9262,16926577447.50,6564,F1,75,,,,,
2025-05-07,2025-05-07,FO,NSE,IDO,61554,,NIFTY,,2025-05-29,2025-05-29,23700.00,PE,NIFTY25MAY23700PE,205.00,205.00,155.00,175.80,172.15,186.10,24414.40,175.80,528225,-44550,6772,12126759626.25,4300,F1,75,,,,,
2025-05-07,2025-05-07,FO,NSE,IDO,61466,,NIFTY,,2025-05-29,2025-05-29,21650.00,PE,NIFTY25MAY21650PE,36.85,44.50,33.45,34.30,33.45,38.75,24414.40,34.30,6825,750,155,252120307.50,78,F1,75,,,,,
2025-05-07,2025-05-07,FO,NSE,IDO,61370,,NIFTY,,2025-05-29,2025-05-29,21100.00,PE,NIFTY25MAY21100PE,28.15,31.95,22.25,23.75,22.25,26.05,24414.40,23.75,41325,-9900,640,1013981572.50,404,F1,75,,,,,
2025-05-07,2025-05-07,FO,NSE,IDO,49315,,NIFTY,,2025-05-22,2025-05-22,25750.00,PE,NIFTY2552225750PE,0.00,0.00,0.00,1790.30,0.00,1790.30,24414.40,1293.15,0,0,0,0.00,0,F1,75,,,,,
2025-05-07,2025-05-07,FO,NSE,IDO,49274,,NIFTY,,2025-05-22,2025-05-22,25300.00,PE,NIFTY2552225300PE,0.00,0.00,0.00,1390.05,0.00,1390.05,24414.40,893.15,0,0,0,0.00,0,F1,75,,,,,
2025-05-07,2025-05-07,FO,NSE,IDO,49266,,NIFTY,,2025-05-22,2025-05-22,25200.00,PE,NIFTY2552225200PE,0.00,0.00,0.00,1305.40,0.00,1305.40,24414.40,811.05,0,0,0,0.00,0,F1,75,,,,,
2025-05-07,2025-05-07,FO,NSE,IDO,49189,,NIFTY,,2025-05-22,2025-05-22,24150.00,PE,NIFTY2552224150PE,235.50,255.40,201.30,221.35,219.35,227.70,24414.40,221.35,8100,600,198,361955812.50,103,F1,75,,,,,
2025-05-07,2025-05-07,FO,NSE,IDO,49173,,NIFTY,,2025-05-22,2025-05-22,23850.00,PE,NIFTY2552223850PE,174.95,174.95,134.40,153.95,150.10,212.05,24414.40,153.95,18525,18300,387,696812718.75,113,F1,75,,,,,
2025-05-07,2025-05-07,FO,NSE,IDO,49160,,NIFTY,,2025-05-22,2025-05-22,23700.00,PE,NIFTY2552223700PE,149.20,151.25,108.85,127.60,126.00,132.10,24414.40,127.60,34875,825,939,1677996660.00,657,F1,75,,,,,
2025-05-07,2025-05-07,FO,NSE,IDO,46345,,NIFTY,,2025-05-15,2025-05-15,26200.00,PE,NIFTY2551526200PE,1803.65,1803.65,1803.65,1803.65,1803.65,3630.20,24414.40,1803.65,75,75,1,2100273.75,1,F1,75,,,,,
2025-05-07,2025-05-07,FO,NSE,IDO,46333,,NIFTY,,2025-05-15,2025-05-15,25900.00,PE,NIFTY2551525900PE,1482.50,1520.80,1482.50,1511.75,1511.75,1395.60,24414.40,1451.20,675,450,6,12327191.25,3,F1,75,,,,,
2025-05-07,2025-05-07,FO,NSE,IDO,46325,,NIFTY,,2025-05-15,2025-05-15,25750.00,PE,NIFTY2551525750PE,1364.20,1364.20,1364.20,1364.20,1364.20,1244.35,24414.40,1303.40,975,75,1,2033565.00,1,F1,75,,,,,
2025-05-07,2025-05-07,FO,NSE,IDO,46309,,NIFTY,,2025-05-15,2025-05-15,25400.00,PE,NIFTY2551525400PE,1042.00,1042.00,980.00,990.00,990.00,1039.00,24414.40,966.40,18150,-75,15,29713500.00,11,F1,75,,,,,
2025-05-07,2025-05-07,FO,NSE,IDO,46263,,NIFTY,,2025-05-15,2025-05-15,24300.00,PE,NIFTY2551524300PE,240.00,244.85,167.25,194.05,188.30,191.50,24414.40,194.05,1424475,575775,134228,246614264538.75,84037,F1,75,,,,,
2025-05-07,2025-05-07,FO,NSE,IDO,46233,,NIFTY,,2025-05-15,2025-05-15,23850.00,PE,NIFTY2551523850PE,120.00,122.50,75.70,91.65,88.15,88.45,24414.40,91.65,146550,30675,12908,23178509133.75,9211,F1,75,,,,,
2025-05-07,2025-05-07,FO,NSE,IDO,46165,,NIFTY,,2025-05-15,2025-05-15,22500.00,PE,NIFTY2551522500PE,25.20,31.15,17.00,18.70,17.50,19.95,24414.40,18.70,1383300,687750,53166,89801066385.00,29303,F1,75,,,,,
2025-05-07,2025-05-07,FO,NSE,IDO,46153,,NIFTY,,2025-05-15,2025-05-15,22250.00,PE,NIFTY2551522250PE,16.80,27.35,13.35,15.20,14.45,16.00,24414.40,15.20,27300,11325,2988,4990429440.00,1615,F1,75,,,,,
2025-05-07,2025-05-07,FO,NSE,IDO,46149,,NIFTY,,2025-05-15,2025-05-15,22150.00,PE,NIFTY2551522150PE,16.00,25.60,12.30,13.95,13.15,14.95,24414.40,13.95,14700,-3375,1693,2814683385.00,1103,F1,75,,,,,
2025-05-07,2025-05-07,FO,NSE,IDO,46136,,NIFTY,,2025-05-15,2025-05-15,21900.00,PE,NIFTY2551521900PE,13.00,22.50,6.60,11.40,11.50,12.50,24414.40,11.40,70125,39150,7128,11715430833.75,4395,F1,75,,,,,
2025-05-07,2025-05-07,FO,NSE,IDO,46134,,NIFTY,,2025-05-15,2025-05-15,21850.00,PE,NIFTY2551521850PE,12.95,21.40,9.65,10.95,9.85,11.80,24414.40,10.95,16725,4875,1557,2553165416.25,1033,F1,75,,,,,
2025-05-07,2025-05-07,FO,NSE,IDO,46095,,NIFTY,,2025-05-15,2025-05-15,21100.00,PE,NIFTY2551521100PE,8.30,13.15,5.05,6.55,5.75,6.90,24414.40,6.55,52650,20550,3698,5854291496.25,2508,F1,75,,,,,
2025-05-07,2025-05-07,FO,NSE,IDO,46069,,NIFTY,,2025-05-15,2025-05-15,20700.00,PE,NIFTY2551520700PE,7.15,9.80,4.00,4.40,4.45,5.15,24414.40,4.40,264300,163875,10736,16672454576.25,5898,F1,75,,,,,
2025-05-07,2025-05-07,FO,NSE,IDO,38677,,NIFTY,,2025-05-08,2025-05-08,25900.00,PE,NIFTY2550825900PE,0.00,0.00,0.00,1430.35,1430.35,1430.35,24414.40,1481.05,1875,0,0,0.00,0,F1,75,,,,,
2025-05-07,2025-05-07,FO,NSE,IDO,38626,,NIFTY,,2025-05-08,2025-05-08,24700.00,PE,NIFTY2550824700PE,380.00,442.05,271.20,341.85,325.45,353.45,24414.40,341.85,230550,-133875,75212,141299133536.25,46829,F1,75,,,,,
2025-05-07,2025-05-07,FO,NSE,IDO,38601,,NIFTY,,2025-05-08,2025-05-08,24250.00,PE,NIFTY2550824250PE,70.10,99.00,26.15,36.35,26.40,49.85,24414.40,36.35,4217775,1856625,2276558,4148358901687.50,1086304,F1,75,,,,,
2025-05-07,2025-05-07,FO,NSE,IDO,38597,,NIFTY,,2025-05-08,2025-05-08,24150.00,PE,NIFTY2550824150PE,64.70,74.30,21.25,29.10,21.65,36.70,24414.40,29.10,1735650,370050,927038,1681474523467.50,470157,F1,75,,,,,
2025-05-07,2025-05-07,FO,NSE,IDO,38547,,NIFTY,,2025-05-08,2025-05-08,23400.00,PE,NIFTY2550823400PE,18.00,21.25,8.45,10.60,8.50,13.65,24414.40,10.60,3168225,1020450,388345,681905137147.50,137686,F1,75,,,,,
2025-05-07,2025-05-07,FO,NSE,IDO,38513,,NIFTY,,2025-05-08,2025-05-08,22800.00,PE,NIFTY2550822800PE,10.00,10.00,3.50,4.55,4.20,8.00,24414.40,4.55,2812650,1301625,300624,514199435463.75,102853,F1,75,,,,,
2025-05-07,2025-05-07,FO,NSE,IDO,38493,,NIFTY,,2025-05-08,2025-05-08,22450.00,PE,NIFTY2550822450PE,6.25,6.80,1.60,2.30,1.60,6.05,24414.40,2.30,659250,256875,106881,179989302678.75,28955,F1,75,,,,,
2025-05-07,2025-05-07,FO,NSE,IDO,38485,,NIFTY,,2025-05-08,2025-05-08,22250.00,PE,NIFTY2550822250PE,5.50,5.65,1.45,1.70,1.70,5.15,24414.40,1.70,291975,43725,75889,126657102502.50,19917,F1,75,,,,,
2025-05-07,2025-05-07,FO,NSE,IDO,38467,,NIFTY,,2025-05-08,2025-05-08,21850.00,PE,NIFTY2550821850PE,4.10,5.00,0.50,1.15,1.30,3.85,24414.40,1.15,100500,-26175,39463,64676432602.50,9936,F1,75,,,,,
2025-05-07,2025-05-07,FO,NSE,IDO,38453,,NIFTY,,2025-05-08,2025-05-08,21500.00,PE,NIFTY2550821500PE,3.00,3.00,0.75,0.90,0.85,3.05,24414.40,0.90,2940225,-811500,317806,512499903528.75,52374,F1,75,,,,,
2025-05-07,2025-05-07,FO,NSE,IDO,38451,,NIFTY,,2025-05-08,2025-05-08,21450.00,PE,NIFTY2550821450PE,3.00,3.20,0.70,0.90,1.20,3.00,24414.40,0.90,89025,-29025,28717,46202398061.25,5992,F1,75,,,,,
2025-05-07,2025-05-07,FO,NSE,IDO,38443,,NIFTY,,2025-05-08,2025-05-08,21250.00,PE,NIFTY2550821250PE,2.95,3.20,0.60,0.85,0.95,2.75,24414.40,0.85,159375,-12300,30256,48223849755.00,6888,F1,75,,,,,
2025-05-07,2025-05-07,FO,NSE,IDO,38435,,NIFTY,,2025-05-08,2025-05-08,21050.00,PE,NIFTY2550821050PE,3.00,3.00,0.55,0.90,0.80,2.50,24414.40,0.90,214050,73350,33312,52594326393.75,7550,F1,75,,,,,
2025-05-07,2025-05-07,FO,NSE,IDO,38427,,NIFTY,,2025-05-08,2025-05-08,20850.00,PE,NIFTY2550820850PE,2.30,2.40,0.55,0.75,0.60,2.30,24414.40,0.75,52950,-22050,22206,34726693350.00,5724,F1,75,,,,,
2025-05-07,2025-05-07,FO,NSE,IDO,61778,,NIFTY,,2029-12-27,2029-12-27,26000.00,CE,NIFTY29DEC26000CE,0.00,0.00,0.00,6686.95,0.00,6686.95,24414.40,6496.40,0,0,0,0.00,0,F1,75,,,,,
2025-05-07,2025-05-07,FO,NSE,IDO,89614,,NIFTY,,2029-06-28,2029-06-28,19000.00,CE,NIFTY29JUN19000CE,0.00,0.00,0.00,11036.95,0.00,11036.95,24414.40,10188.90,0,0,0,0.00,0,F1,75,,,,,
2025-05-07,2025-05-07,FO,NSE,IDO,67782,,NIFTY,,2028-12-28,2028-12-28,24000.00,CE,NIFTY28DEC24000CE,0.00,0.00,0.00,5850.30,0.00,5850.30,24414.40,6414.00,0,0,0,0.00,0,F1,75,,,,,
2025-05-07,2025-05-07,FO,NSE,IDO,67772,,NIFTY,,2028-12-28,2028-12-28,19000.00,CE,NIFTY28DEC19000CE,0.00,0.00,0.00,8739.00,0.00,8739.00,24414.40,9693.15,0,0,0,0.00,0,F1,75,,,,,
2025-05-07,2025-05-07,FO,NSE,IDO,67768,,NIFTY,,2028-12-28,2028-12-28,17000.00,CE,NIFTY28DEC17000CE,0.00,0.00,0.00,10036.40,0.00,10036.40,24414.40,11164.05,0,0,0,0.00,0,F1,75,,,,,
2025-05-07,2025-05-07,FO,NSE,IDO,86137,,NIFTY,,2028-06-29,2028-06-29,17000.00,CE,NIFTY28JUN17000CE,0.00,0.00,0.00,7393.45,0.00,7393.45,24414.40,10703.30,0,0,0,0.00,0,F1,75,,,,,
2025-05-07,2025-05-07,FO,NSE,IDO,53633,,NIFTY,,2027-12-30,2027-12-30,28000.00,CE,NIFTY27DEC28000CE,0.00,0.00,0.00,2639.20,0.00,2639.20,24414.40,3110.45,0,0,0,0.00,0,F1,75,,,,,
2025-05-07,2025-05-07,FO,NSE,IDO,37799,,NIFTY,,2026-06-25,2026-06-25,23000.00,CE,NIFTY26JUN23000CE,0.00,0.00,0.00,2645.65,0.00,2645.65,24414.40,3622.75,0,0,0,0.00,0,F1,75,,,,,
2025-05-07,2025-05-07,FO,NSE,IDO,62926,,NIFTY,,2026-03-26,2026-03-26,25000.00,CE,NIFTY26MAR25000CE,0.00,0.00,0.00,1652.55,0.00,1652.55,24414.40,1973.10,0,0,0,0.00,0,F1,75,,,,,
2025-05-07,2025-05-07,FO,NSE,IDO,71395,,NIFTY,,2025-12-24,2025-12-24,25000.00,CE,NIFTY25DEC25000CE,1282.75,1360.00,1265.05,1317.80,1320.25,1302.40,24414.40,1317.80,970375,8850,1151,2271543828.75,887,F1,75,,,,,
2025-05-07,2025-05-07,FO,NSE,IDO,38376,,NIFTY,,2025-12-24,2025-12-24,20000.00,CE,NIFTY25DEC20000CE,5164.60,5240.20,5131.75,5190.00,5190.00,5150.55,24414.40,5284.80,65625,75,14,26460187.50,13,F1,75,,,,,
2025-05-07,2025-05-07,FO,NSE,IDO,64702,,NIFTY,,2025-09-25,2025-09-25,29000.00,CE,NIFTY25SEP29000CE,40.00,47.35,38.40,45.75,45.95,41.60,24414.40,45.75,96600,13200,920,2004038947.50,344,F1,75,,,,,
2025-05-07,2025-05-07,FO,NSE,IDO,55849,,NIFTY,,2025-07-31,2025-07-31,26000.00,CE,NIFTY25JUL26000CE,194.85,235.65,173.65,216.95,215.00,207.65,24414.40,216.95,140475,36525,2612,5134962682.50,2224,F1,75,,,,,
2025-05-07,2025-05-07,FO,NSE,IDO,55737,,NIFTY,,2025-07-31,2025-07-31,23550.00,CE,NIFTY25JUL23550CE,0.00,0.00,0.00,1509.80,0.00,1509.80,24414.40,1535.00,0,0,0,0.00,0,F1,75,,,,,
2025-05-07,2025-05-07,FO,NSE,IDO,55711,,NIFTY,,2025-07-31,2025-07-31,23100.00,CE,NIFTY25JUL23100CE,0.00,0.00,0.00,1831.00,0.00,1831.00,24414.40,1872.25,0,0,0,0.00,0,F1,75,,,,,
2025-05-07,2025-05-07,FO,NSE,IDO,55689,,NIFTY,,2025-07-31,2025-07-31,22700.00,CE,NIFTY25JUL22700CE,0.00,0.00,0.00,2141.65,0.00,2141.65,24414.40,2197.85,0,0,0,0.00,0,F1,75,,,,,
2025-05-07,2025-05-07,FO,NSE,IDO,38150,,NIFTY,,2025-06-26,2025-06-26,29000.00,CE,NIFTY25JUN29000CE,8.80,10.75,8.75,9.95,10.00,9.65,24414.40,9.95,293400,9375,670,1457747355.00,235,F1,75,,,,,
2025-05-07,2025-05-07,FO,NSE,IDO,62443,,NIFTY,,2025-06-26,2025-06-26,25950.00,CE,NIFTY25JUN25950CE,0.00,0.00,0.00,168.95,0.00,168.95,24414.40,175.95,0,0,0,0.00,0,F1,75,,,,,
2025-05-07,2025-05-07,FO,NSE,IDO,62421,,NIFTY,,2025-06-26,2025-06-26,25500.00,CE,NIFTY25JUN25500CE,177.00,211.00,139.70,186.40,193.25,181.50,24414.40,186.40,861900,1725,6994,13471818510.00,4151,F1,75,,,,,
2025-05-07,2025-05-07,FO,NSE,IDO,62399,,NIFTY,,2025-06-26,2025-06-26,25050.00,CE,NIFTY25JUN25050CE,340.00,340.00,325.20,335.60,335.60,329.65,24414.40,335.60,14250,-75,21,39985830.00,4,F1,75,,,,,
2025-05-07,2025-05-07,FO,NSE,IDO,62385,,NIFTY,,2025-06-26,2025-06-26,24750.00,CE,NIFTY25JUN24750CE,480.20,501.85,437.00,466.40,466.40,468.85,24414.40,466.40,16425,4350,102,192835698.75,29,F1,75,,,,,
2025-05-07,2025-05-07,FO,NSE,IDO,62381,,NIFTY,,2025-06-26,2025-06-26,24650.00,CE,NIFTY25JUN24650CE,507.85,560.00,491.65,528.75,528.75,520.85,24414.40,528.75,32325,825,50,94375920.00,22,F1,75,,,,,
2025-05-07,2025-05-07,FO,NSE,IDO,62351,,NIFTY,,2025-06-26,2025-06-26,24050.00,CE,NIFTY25JUN24050CE,906.90,907.30,906.90,907.30,907.30,889.00,24414.40,934.20,3000,-150,2,3743565.00,2,F1,75,,,,,
2025-05-07,2025-05-07,FO,NSE,IDO,62211,,NIFTY,,2025-06-26,2025-06-26,22800.00,CE,NIFTY25JUN22800CE,1925.00,1935.00,1921.05,1921.05,1921.05,1841.35,24414.40,1921.05,3150,300,5,9273078.75,5,F1,75,,,,,
2025-05-07,2025-05-07,FO,NSE,IDO,62067,,NIFTY,,2025-06-26,2025-06-26,20550.00,CE,NIFTY25JUN20550CE,0.00,0.00,0.00,3959.55,3959.55,3959.55,24414.40,4052.85,450,0,0,0.00,0,F1,75,,,,,
2025-05-07,2025-05-07,FO,NSE,IDO,40519,,NIFTY,,2025-06-05,2025-06-05,25500.00,CE,NIFTY2560525500CE,83.15,95.15,68.05,78.85,79.80,74.05,24414.40,78.85,15300,6750,377,723187758.75,182,F1,75,,,,,
2025-05-07,2025-05-07,FO,NSE,IDO,40447,,NIFTY,,2025-06-05,2025-06-05,24200.00,CE,NIFTY2560524200CE,618.50,618.50,585.25,585.25,585.25,618.50,24414.40,646.10,1575,75,7,13023506.25,7,F1,75,,,,,
2025-05-07,2025-05-07,FO,NSE,IDO,40439,,NIFTY,,2025-06-05,2025-06-05,24100.00,CE,NIFTY2560524100CE,0.00,0.00,0.00,688.00,688.00,688.00,24414.40,708.15,1650,0,0,0.00,0,F1,75,,,,,
2025-05-07,2025-05-07,FO,NSE,IDO,61674,,NIFTY,,2025-05-29,2025-05-29,24250.00,PE,NIFTY25MAY24250PE,366.50,366.55,278.60,307.95,304.30,322.85,24414.40,307.95,216900,5400,3105,5719659667.50,2290,F1,75,,,,,
2025-05-07,2025-05-07,FO,NSE,IDO,61680,,NIFTY,,2025-05-29,2025-05-29,24400.00,PE,NIFTY25MAY24400PE,405.00,425.10,325.55,359.05,356.05,374.10,24414.40,359.05,1176675,-15375,36903,68534158387.50,24306,F1,75,,,,,
2025-05-07,2025-05-07,FO,NSE,IDO,61686,,NIFTY,,2025-05-29,2025-05-29,24550.00,PE,NIFTY25MAY24550PE,463.00,471.00,385.50,421.05,425.90,441.10,24414.40,421.05,102750,4275,1047,1961127963.75,638,F1,75,,,,,
2025-05-07,2025-05-07,FO,NSE,IDO,61726,,NIFTY,,2025-05-29,2025-05-29,24800.00,PE,NIFTY25MAY24800PE,619.35,619.40,508.10,550.00,544.70,568.65,24414.40,550.00,117525,-21675,2251,4279676861.25,1399,F1,75,,,,,
2025-05-07,2025-05-07,FO,NSE,IDO,61795,,NIFTY,,2029-12-27,2029-12-27,27000.00,PE,NIFTY29DEC27000PE,0.00,0.00,0.00,1177.90,0.00,1177.90,24414.40,1367.75,0,0,0,0.00,0,F1,75,,,,,
2025-05-07,2025-05-07,FO,NSE,IDO,89641,,NIFTY,,2029-06-28,2029-06-28,29000.00,PE,NIFTY29JUN29000PE,0.00,0.00,0.00,1746.95,0.00,1746.95,24414.40,2067.85,0,0,0,0.00,0,F1,75,,,,,
2025-05-07,2025-05-07,FO,NSE,IDO,89633,,NIFTY,,2029-06-28,2029-06-28,25000.00,PE,NIFTY29JUN25000PE,0.00,0.00,0.00,852.50,0.00,852.50,24414.40,966.85,0,0,0,0.00,0,F1,75,,,,,
2025-05-07,2025-05-07,FO,NSE,IDO,89629,,NIFTY,,2029-06-28,2029-06-28,23000.00,PE,NIFTY29JUN23000PE,0.00,0.00,0.00,543.65,0.00,543.65,24414.40,596.00,0,0,0,0.00,0,F1,75,,,,,
2025-05-07,2025-05-07,FO,NSE,IDO,67785,,NIFTY,,2028-12-28,2028-12-28,25000.00,PE,NIFTY28DEC25000PE,0.00,0.00,0.00,1700.05,1700.05,1700.05,24414.40,1013.80,750,0,0,0.00,0,F1,75,,,,,
2025-05-07,2025-05-07,FO,NSE,IDO,67779,,NIFTY,,2028-12-28,2028-12-28,22000.00,PE,NIFTY28DEC22000PE,0.00,0.00,0.00,521.30,521.30,521.30,24414.40,458.95,225,0,0,0.00,0,F1,75,,,,,
2025-05-07,2025-05-07,FO,NSE,IDO,67771,,NIFTY,,2028-12-28,2028-12-28,18000.00,PE,NIFTY28DEC18000PE,0.00,0.00,0.00,250.00,250.00,250.00,24414.40,104.35,75,0,0,0.00,0,F1,75,,,,,
2025-05-07,2025-05-07,FO,NSE,IDO,53635,,NIFTY,,2027-12-30,2027-12-30,28000.00,PE,NIFTY27DEC28000PE,0.00,0.00,0.00,4251.00,0.00,4251.00,24414.40,2142.05,0,0,0,0.00,0,F1,75,,,,,
2025-05-07,2025-05-07,FO,NSE,IDO,53615,,NIFTY,,2027-12-30,2027-12-30,21000.00,PE,NIFTY27DEC21000PE,0.00,0.00,0.00,440.05,440.05,440.05,24414.40,315.00,125,0,0,0.00,0,F1,75,,,,,
2025-05-07,2025-05-07,FO,NSE,IDO,53595,,NIFTY,,2027-12-30,2027-12-30,15000.00,PE,NIFTY27DEC15000PE,0.00,0.00,0.00,43.05,43.05,43.05,24414.40,11.70,475,0,0,0.00,0,F1,75,,,,,
2025-05-07,2025-05-07,FO,NSE,IDO,38432,,NIFTY,,2025-05-08,2025-05-08,21000.00,CE,NIFTY2550821000CE,3350.00,3378.00,3338.00,3338.00,3338.00,3365.00,24414.40,3418.15,1875,-375,5,9134250.00,5,F1,75,,,,,
2025-05-07,2025-05-07,FO,NSE,IDO,38438,,NIFTY,,2025-05-08,2025-05-08,21150.00,CE,NIFTY2550821150CE,0.00,0.00,0.00,2251.15,0.00,2251.15,24414.40,3268.15,0,0,0,0.00,0,F1,75,,,,,
2025-05-07,2025-05-07,FO,NSE,IDO,38504,,NIFTY,,2025-05-08,2025-05-08,22650.00,CE,NIFTY2550822650CE,1710.00,1725.00,1704.00,1720.00,1720.00,1790.05,24414.40,1768.40,2250,-375,6,10963875.00,6,F1,75,,,,,
2025-05-07,2025-05-07,FO,NSE,IDO,38586,,NIFTY,,2025-05-08,2025-05-08,23950.00,CE,NIFTY2550823950CE,352.75,520.65,349.30,436.95,445.80,418.20,24414.40,436.95,43425,-6075,3062,5599871190.00,2424,F1,75,,,,,
2025-05-07,2025-05-07,FO,NSE,IDO,38642,,NIFTY,,2025-05-08,2025-05-08,25100.00,CE,NIFTY2550825100CE,2.00,2.60,1.25,1.65,1.25,2.30,24414.40,1.65,5205075,-306300,601385,1132187861793.75,123923,F1,75,,,,,
2025-05-07,2025-05-07,FO,NSE,IDO,38682,,NIFTY,,2025-05-08,2025-05-08,26050.00,CE,NIFTY2550826050CE,0.90,1.10,0.45,0.75,0.50,1.10,24414.40,0.75,736725,-307200,47469,92745604725.00,9738,F1,75,,,,,
2025-05-07,2025-05-07,FO,NSE,IDO,46072,,NIFTY,,2025-05-15,2025-05-15,20800.00,CE,NIFTY2551520800CE,3567.85,3608.35,3567.85,3605.25,3605.25,1762.95,24414.40,3643.80,75,75,3,5488608.75,3,F1,75,,,,,
2025-05-07,2025-05-07,FO,NSE,IDO,46101,,NIFTY,,2025-05-15,2025-05-15,21250.00,CE,NIFTY2551521250CE,0.00,0.00,0.00,2819.75,2819.00,2819.75,24414.40,3194.45,150,0,0,0.00,0,F1,75,,,,,
2025-05-07,2025-05-07,FO,NSE,IDO,46108,,NIFTY,,2025-05-15,2025-05-15,21350.00,CE,NIFTY2551521350CE,0.00,0.00,0.00,2780.05,2777.50,2780.05,24414.40,3094.60,150,0,0,0.00,0,F1,75,,,,,
2025-05-07,2025-05-07,FO,NSE,IDO,46122,,NIFTY,,2025-05-15,2025-05-15,21600.00,CE,NIFTY2551521600CE,2810.00,2840.00,2770.00,2799.95,2800.65,2549.95,24414.40,2799.95,750,675,12,21953167.50,12,F1,75,,,,,
2025-05-07,2025-05-07,FO,NSE,IDO,46124,,NIFTY,,2025-05-15,2025-05-15,21650.00,CE,NIFTY2551521650CE,0.00,0.00,0.00,2498.30,2498.30,2498.30,24414.40,2795.00,75,0,0,0.00,0,F1,75,,,,,
2025-05-07,2025-05-07,FO,NSE,IDO,46148,,NIFTY,,2025-05-15,2025-05-15,22150.00,CE,NIFTY2551522150CE,2174.90,2258.45,2174.90,2258.45,2258.45,2383.70,24414.40,2258.45,2175,150,3,5483336.25,3,F1,75,,,,,
2025-05-07,2025-05-07,FO,NSE,IDO,46186,,NIFTY,,2025-05-15,2025-05-15,22900.00,CE,NIFTY2551522900CE,1507.00,1512.00,1500.00,1500.00,1500.00,1521.50,24414.40,1547.55,7950,1575,23,42099150.00,9,F1,75,,,,,
2025-05-07,2025-05-07,FO,NSE,IDO,46220,,NIFTY,,2025-05-15,2025-05-15,23600.00,CE,NIFTY2551523600CE,770.00,930.00,769.00,848.80,861.10,830.00,24414.40,848.80,81300,50550,888,1628429073.75,394,F1,75,,,,,
2025-05-07,2025-05-07,FO,NSE,IDO,46232,,NIFTY,,2025-05-15,2025-05-15,23850.00,CE,NIFTY2551523850CE,615.00,698.00,574.15,623.65,632.95,606.00,24414.40,623.65,11625,7575,243,446212162.50,119,F1,75,,,,,
2025-05-07,2025-05-07,FO,NSE,IDO,46292,,NIFTY,,2025-05-15,2025-05-15,25050.00,CE,NIFTY2551525050CE,17.80,35.85,11.20,24.10,24.95,18.65,24414.40,24.10,301125,-93975,31854,59901451665.00,20188,F1,75,,,,,
2025-05-07,2025-05-07,FO,NSE,IDO,46314,,NIFTY,,2025-05-15,2025-05-15,25500.00,CE,NIFTY2551525500CE,5.00,7.75,3.00,4.90,5.00,4.95,24414.40,4.90,2641875,994875,73125,139879490913.75,29210,F1,75,,,,,
2025-05-07,2025-05-07,FO,NSE,IDO,49081,,NIFTY,,2025-05-22,2025-05-22,22150.00,CE,NIFTY2552222150CE,0.00,0.00,0.00,1860.00,0.00,1860.00,24414.40,2323.45,0,0,0,0.00,0,F1,75,,,,,
2025-05-07,2025-05-07,FO,NSE,IDO,49103,,NIFTY,,2025-05-22,2025-05-22,22600.00,CE,NIFTY2552222600CE,1869.55,1870.80,1869.55,1870.50,1870.80,1925.00,24414.40,1870.50,600,375,6,11011721.25,6,F1,75,,,,,
2025-05-07,2025-05-07,FO,NSE,IDO,49105,,NIFTY,,2025-05-22,2025-05-22,22650.00,CE,NIFTY2552222650CE,1822.15,1822.15,1822.15,1822.15,1822.15,1774.65,24414.40,1822.15,150,75,1,1835411.25,1,F1,75,,,,,
2025-05-07,2025-05-07,FO,NSE,IDO,49226,,NIFTY,,2025-05-22,2025-05-22,24850.00,CE,NIFTY2552224850CE,112.45,152.30,102.55,122.05,124.00,112.45,24414.40,122.05,9825,4125,388,726554081.25,222,F1,75,,,,,
2025-05-07,2025-05-07,FO,NSE,IDO,49291,,NIFTY,,2025-05-22,2025-05-22,25400.00,CE,NIFTY2552225400CE,21.60,37.85,13.90,25.50,26.80,23.90,24414.40,25.50,83400,3075,3175,6054391477.50,1815,F1,75,,,,,
2025-05-07,2025-05-07,FO,NSE,IDO,49311,,NIFTY,,2025-05-22,2025-05-22,25700.00,CE,NIFTY2552225700CE,11.85,17.80,9.25,12.70,13.10,12.70,24414.40,12.70,30375,4050,786,1515756836.25,539,F1,75,,,,,
2025-05-07,2025-05-07,FO,NSE,IDO,61395,,NIFTY,,2025-05-29,2025-05-29,21500.00,CE,NIFTY25MAY21500CE,2971.25,3048.60,2941.00,2964.10,2979.55,2943.95,24414.40,2964.10,276900,2400,51,93558802.50,31,F1,75,,,,,
2025-05-07,2025-05-07,FO,NSE,IDO,61495,,NIFTY,,2025-05-29,2025-05-29,22250.00,CE,NIFTY25MAY22250CE,2262.25,2262.25,2262.25,2262.25,2262.25,2207.05,24414.40,2262.25,2325,75,1,1838418.75,1,F1,75,,,,,
2025-05-07,2025-05-07,FO,NSE,IDO,61507,,NIFTY,,2025-05-29,2025-05-29,22550.00,CE,NIFTY25MAY22550CE,1949.95,2048.10,1949.95,1971.20,1971.20,2181.75,24414.40,1959.65,6150,-75,5,9196443.75,5,F1,75,,,,,
2025-05-07,2025-05-07,FO,NSE,IDO,61515,,NIFTY,,2025-05-29,2025-05-29,22750.00,CE,NIFTY25MAY22750CE,1782.70,1782.70,1780.85,1781.80,1780.85,1828.80,24414.40,1781.80,9000,0,2,3679766.25,2,F1,75,,,,,
2025-05-07,2025-05-07,FO,NSE,IDO,61549,,NIFTY,,2025-05-29,2025-05-29,23600.00,CE,NIFTY25MAY23600CE,976.95,1080.00,967.95,1016.70,1020.40,1000.65,24414.40,1016.70,189375,-975,253,466906106.25,133,F1,75,,,,,
2025-05-07,2025-05-07,FO,NSE,IDO,61555,,NIFTY,,2025-05-29,2025-05-29,23750.00,CE,NIFTY25MAY23750CE,947.00,947.00,853.70,885.00,885.00,890.20,24414.40,883.35,13125,-3075,46,84987941.25,25,F1,75,,,,,
2025-05-07,2025-05-07,FO,NSE,IDO,61559,,NIFTY,,2025-05-29,2025-05-29,23850.00,CE,NIFTY25MAY23850CE,787.95,880.35,777.45,812.40,811.90,805.50,24414.40,812.40,9600,-5625,135,249799417.50,85,F1,75,,,,,
2025-05-07,2025-05-07,FO,NSE,IDO,61767,,NIFTY,,2025-05-29,2025-05-29,25300.00,CE,NIFTY25MAY25300CE,55.00,94.25,55.00,70.80,72.90,68.80,24414.40,70.80,566700,-22050,16596,31578220582.50,9937,F1,75,,,,,
2025-05-07,2025-05-07,FO,NSE,IDO,40429,,NIFTY,,2025-06-05,2025-06-05,23850.00,CE,NIFTY2560523850CE,0.00,0.00,0.00,883.90,0.00,883.90,24414.40,877.30,0,0,0,0.00,0,F1,75,,,,,
2025-05-07,2025-05-07,FO,NSE,IDO,40525,,NIFTY,,2025-06-05,2025-06-05,25650.00,CE,NIFTY2560525650CE,0.00,0.00,0.00,135.70,0.00,135.70,24414.40,111.15,0,0,0,0.00,0,F1,75,,,,,
2025-05-07,2025-05-07,FO,NSE,IDO,40533,,NIFTY,,2025-06-05,2025-06-05,25850.00,CE,NIFTY2560525850CE,47.15,47.15,35.90,36.05,36.05,44.95,24414.40,81.45,900,375,13,25245753.75,11,F1,75,,,,,
2025-05-07,2025-05-07,FO,NSE,IDO,40535,,NIFTY,,2025-06-05,2025-06-05,25900.00,CE,NIFTY2560525900CE,34.65,45.05,32.40,36.40,36.00,36.45,24414.40,36.40,6600,-825,127,247044296.25,68,F1,75,,,,,
2025-05-07,2025-05-07,FO,NSE,IDO,62122,,NIFTY,,2025-06-26,2025-06-26,21100.00,CE,NIFTY25JUN21100CE,0.00,0.00,0.00,3433.70,3433.70,3433.70,24414.40,3510.05,300,0,0,0.00,0,F1,75,,,,,
2025-05-07,2025-05-07,FO,NSE,IDO,62185,,NIFTY,,2025-06-26,2025-06-26,22150.00,CE,NIFTY25JUN22150CE,0.00,0.00,0.00,2436.55,2436.55,2436.55,24414.40,2492.15,675,0,0,0.00,0,F1,75,,,,,
2025-05-07,2025-05-07,FO,NSE,IDO,62205,,NIFTY,,2025-06-26,2025-06-26,22650.00,CE,NIFTY25JUN22650CE,0.00,0.00,0.00,2003.70,2003.70,2003.70,24414.40,2030.15,675,0,0,0.00,0,F1,75,,,,,
2025-05-07,2025-05-07,FO,NSE,IDO,62327,,NIFTY,,2025-06-26,2025-06-26,23450.00,CE,NIFTY25JUN23450CE,1385.70,1385.70,1385.70,1385.70,1385.70,1454.85,24414.40,1357.50,600,-75,1,1862677.50,1,F1,75,,,,,
2025-05-07,2025-05-07,FO,NSE,IDO,62329,,NIFTY,,2025-06-26,2025-06-26,23500.00,CE,NIFTY25JUN23500CE,1299.85,1387.95,1261.00,1323.65,1330.00,1311.75,24414.40,1323.65,562950,-75,319,593749001.25,235,F1,75,,,,,
2025-05-07,2025-05-07,FO,NSE,IDO,62353,,NIFTY,,2025-06-26,2025-06-26,24100.00,CE,NIFTY25JUN24100CE,867.00,926.80,825.00,870.30,866.90,859.20,24414.40,870.30,31500,-75,87,162956310.00,49,F1,75,,,,,
2025-05-07,2025-05-07,FO,NSE,IDO,62393,,NIFTY,,2025-06-26,2025-06-26,24850.00,CE,NIFTY25JUN24850CE,386.00,442.50,386.00,423.85,423.50,417.75,24414.40,423.85,13500,2250,85,161094022.50,30,F1,75,,,,,
2025-05-07,2025-05-07,FO,NSE,IDO,62411,,NIFTY,,2025-06-26,2025-06-26,25300.00,CE,NIFTY25JUN25300CE,239.95,271.15,219.90,244.50,243.30,238.55,24414.40,244.50,69150,-2475,929,1779614107.50,427,F1,75,,,,,
2025-05-07,2025-05-07,FO,NSE,IDO,50537,,NIFTY,,2025-06-26,2025-06-26,28000.00,CE,NIFTY25JUN28000CE,12.60,15.20,12.20,14.85,15.20,14.00,24414.40,14.85,348425,-3975,1159,2435150752.50,613,F1,75,,,,,
2025-05-07,2025-05-07,FO,NSE,IDO,55673,,NIFTY,,2025-07-31,2025-07-31,22300.00,CE,NIFTY25JUL22300CE,0.00,0.00,0.00,2472.90,0.00,2472.90,24414.40,2543.05,0,0,0,0.00,0,F1,75,,,,,
2025-05-07,2025-05-07,FO,NSE,IDO,55695,,NIFTY,,2025-07-31,2025-07-31,22850.00,CE,NIFTY25JUL22850CE,0.00,0.00,0.00,2022.55,0.00,2022.55,24414.40,2073.20,0,0,0,0.00,0,F1,75,,,,,
2025-05-07,2025-05-07,FO,NSE,IDO,55721,,NIFTY,,2025-07-31,2025-07-31,23150.00,CE,NIFTY25JUL23150CE,0.00,0.00,0.00,1793.75,0.00,1793.75,24414.40,1833.10,0,0,0,0.00,0,F1,75,,,,,
2025-05-07,2025-05-07,FO,NSE,IDO,55761,,NIFTY,,2025-07-31,2025-07-31,24100.00,CE,NIFTY25JUL24100CE,1101.40,1103.90,1094.20,1099.35,1098.15,1103.55,24414.40,1099.35,1125,-450,13,24569373.75,10,F1,75,,,,,
2025-05-07,2025-05-07,FO,NSE,IDO,55771,,NIFTY,,2025-07-31,2025-07-31,24300.00,CE,NIFTY25JUL24300CE,1020.00,1020.00,930.15,947.15,947.15,983.50,24414.40,947.15,2100,-750,24,45505488.75,7,F1,75,,,,,
2025-05-07,2025-05-07,FO,NSE,IDO,55775,,NIFTY,,2025-07-31,2025-07-31,24400.00,CE,NIFTY25JUL24400CE,891.85,926.65,886.85,896.55,896.25,891.85,24414.40,896.55,2625,-900,19,36049773.75,12,F1,75,,,,,
2025-05-07,2025-05-07,FO,NSE,IDO,55793,,NIFTY,,2025-07-31,2025-07-31,24850.00,CE,NIFTY25JUL24850CE,657.30,676.45,625.90,625.90,625.90,621.80,24414.40,625.90,525,150,5,9564292.50,5,F1,75,,,,,
2025-05-07,2025-05-07,FO,NSE,IDO,55801,,NIFTY,,2025-07-31,2025-07-31,25050.00,CE,NIFTY25JUL25050CE,569.55,569.55,534.00,534.00,534.00,576.70,24414.40,674.20,900,75,2,3840266.25,2,F1,75,,,,,
2025-05-07,2025-05-07,FO,NSE,IDO,55841,,NIFTY,,2025-07-31,2025-07-31,25850.00,CE,NIFTY25JUL25850CE,0.00,0.00,0.00,418.55,0.00,418.55,24414.40,390.60,0,0,0,0.00,0,F1,75,,,,,
2025-05-07,2025-05-07,FO,NSE,IDO,55847,,NIFTY,,2025-07-31,2025-07-31,25950.00,CE,NIFTY25JUL25950CE,0.00,0.00,0.00,391.20,0.00,391.20,24414.40,362.90,0,0,0,0.00,0,F1,75,,,,,
2025-05-07,2025-05-07,FO,NSE,IDO,62924,,NIFTY,,2026-03-26,2026-03-26,24000.00,CE,NIFTY26MAR24000CE,0.00,0.00,0.00,2170.10,0.00,2170.10,24414.40,2546.20,0,0,0,0.00,0,F1,75,,,,,
2025-05-07,2025-05-07,FO,NSE,IDO,38378,,NIFTY,,2026-06-25,2026-06-25,20000.00,CE,NIFTY26JUN20000CE,0.00,0.00,0.00,3829.50,0.00,3829.50,24414.40,5979.25,0,0,0,0.00,0,F1,75,,,,,
2025-05-07,2025-05-07,FO,NSE,IDO,58646,,NIFTY,,2026-12-31,2026-12-31,21000.00,CE,NIFTY26DEC21000CE,0.00,0.00,0.00,3356.25,0.00,3356.25,24414.40,5867.25,0,0,0,0.00,0,F1,75,,,,,
2025-05-07,2025-05-07,FO,NSE,IDO,38158,,NIFTY,,2026-12-31,2026-12-31,29000.00,CE,NIFTY26DEC29000CE,940.00,940.00,936.35,937.60,936.35,934.40,24414.40,937.60,1425,225,3,6735952.50,3,F1,75,,,,,
2025-05-07,2025-05-07,FO,NSE,IDO,71562,,NIFTY,,2027-06-24,2027-06-24,25000.00,CE,NIFTY27JUN25000CE,0.00,0.00,0.00,2090.05,0.00,2090.05,24414.40,3874.85,0,0,0,0.00,0,F1,75,,,,,
2025-05-07,2025-05-07,FO,NSE,IDO,71564,,NIFTY,,2027-06-24,2027-06-24,26000.00,CE,NIFTY27JUN26000CE,0.00,0.00,0.00,1900.85,0.00,1900.85,24414.40,3344.75,0,0,0,0.00,0,F1,75,,,,,
2025-05-07,2025-05-07,FO,NSE,IDO,38160,,NIFTY,,2027-06-24,2027-06-24,29000.00,CE,NIFTY27JUN29000CE,0.00,0.00,0.00,1545.20,0.00,1545.20,24414.40,2068.15,0,0,0,0.00,0,F1,75,,,,,
2025-05-07,2025-05-07,FO,NSE,IDO,53616,,NIFTY,,2027-12-30,2027-12-30,22000.00,CE,NIFTY27DEC22000CE,0.00,0.00,0.00,4499.55,0.00,4499.55,24414.40,6444.90,0,0,0,0.00,0,F1,75,,,,,
2025-05-07,2025-05-07,FO,NSE,IDO,86139,,NIFTY,,2028-06-29,2028-06-29,18000.00,CE,NIFTY28JUN18000CE,0.00,0.00,0.00,6809.35,0.00,6809.35,24414.40,9931.50,0,0,0,0.00,0,F1,75,,,,,
2025-05-07,2025-05-07,FO,NSE,IDO,86167,,NIFTY,,2028-06-29,2028-06-29,29000.00,CE,NIFTY28JUN29000CE,0.00,0.00,0.00,2333.25,0.00,2333.25,24414.40,3320.75,0,0,0,0.00,0,F1,75,,,,,
2025-05-07,2025-05-07,FO,NSE,IDO,89610,,NIFTY,,2029-06-28,2029-06-28,17000.00,CE,NIFTY29JUN17000CE,0.00,0.00,0.00,12333.10,0.00,12333.10,24414.40,11608.10,0,0,0,0.00,0,F1,75,,,,,
2025-05-07,2025-05-07,FO,NSE,IDO,71563,,NIFTY,,2027-06-24,2027-06-24,25000.00,PE,NIFTY27JUN25000PE,0.00,0.00,0.00,5619.05,0.00,5619.05,24414.40,1133.40,0,0,0,0.00,0,F1,75,,,,,
2025-05-07,2025-05-07,FO,NSE,IDO,71552,,NIFTY,,2027-06-24,2027-06-24,20000.00,PE,NIFTY27JUN20000PE,0.00,0.00,0.00,3034.20,0.00,3034.20,24414.40,185.35,0,0,0,0.00,0,F1,75,,,,,
2025-05-07,2025-05-07,FO,NSE,IDO,50979,,NIFTY,,2026-12-31,2026-12-31,27000.00,PE,NIFTY26DEC27000PE,0.00,0.00,0.00,1850.00,1850.00,1850.00,24414.40,1965.35,150,0,0,0.00,0,F1,75,,,,,
2025-05-07,2025-05-07,FO,NSE,IDO,58625,,NIFTY,,2026-06-25,2026-06-25,12000.00,PE,NIFTY26JUN12000PE,0.00,0.00,0.00,20.05,20.05,20.05,24414.40,0.00,475,0,0,0.00,0,F1,75,,,,,
2025-05-07,2025-05-07,FO,NSE,IDO,62936,,NIFTY,,2026-03-26,2026-03-26,29000.00,PE,NIFTY26MAR29000PE,0.00,0.00,0.00,3815.05,0.00,3815.05,24414.40,3484.15,0,0,0,0.00,0,F1,75,,,,,
2025-05-07,2025-05-07,FO,NSE,IDO,64691,,NIFTY,,2025-09-25,2025-09-25,23000.00,PE,NIFTY25SEP23000PE,399.40,399.45,305.60,339.50,340.00,359.70,24414.40,339.50,453525,14400,2109,3692116166.25,1574,F1,75,,,,,
2025-05-07,2025-05-07,FO,NSE,IDO,55854,,NIFTY,,2025-07-31,2025-07-31,26100.00,PE,NIFTY25JUL26100PE,0.00,0.00,0.00,1737.70,0.00,1737.70,24414.40,1606.80,0,0,0,0.00,0,F1,75,,,,,
2025-05-07,2025-05-07,FO,NSE,IDO,55846,,NIFTY,,2025-07-31,2025-07-31,25900.00,PE,NIFTY25JUL25900PE,1391.70,1391.70,1391.10,1391.45,1391.35,1391.40,24414.40,1391.45,450,375,5,10234293.75,5,F1,75,,,,,
2025-05-07,2025-05-07,FO,NSE,IDO,55824,,NIFTY,,2025-07-31,2025-07-31,25450.00,PE,NIFTY25JUL25450PE,1089.60,1089.65,1089.60,1089.65,1089.65,1288.65,24414.40,1089.65,150,150,2,3980943.75,2,F1,75,,,,,
2025-05-07,2025-05-07,FO,NSE,IDO,55790,,NIFTY,,2025-07-31,2025-07-31,24750.00,PE,NIFTY25JUL24750PE,0.00,0.00,0.00,757.65,757.65,757.65,24414.40,763.65,150,0,0,0.00,0,F1,75,,,,,
2025-05-07,2025-05-07,FO,NSE,IDO,55740,,NIFTY,,2025-07-31,2025-07-31,23600.00,PE,NIFTY25JUL23600PE,373.65,404.20,364.90,379.00,379.00,371.65,24414.40,318.70,3075,75,5,8991498.75,5,F1,75,,,,,
2025-05-07,2025-05-07,FO,NSE,IDO,55722,,NIFTY,,2025-07-31,2025-07-31,23150.00,PE,NIFTY25JUL23150PE,0.00,0.00,0.00,259.00,259.00,259.00,24414.40,210.30,225,0,0,0.00,0,F1,75,,,,,
2025-05-07,2025-05-07,FO,NSE,IDO,62462,,NIFTY,,2025-06-26,2025-06-26,26200.00,PE,NIFTY25JUN26200PE,1661.30,1661.30,1661.30,1661.30,1661.30,2270.50,24414.40,1661.30,75,75,1,2089597.50,1,F1,75,,,,,
2025-05-07,2025-05-07,FO,NSE,IDO,62396,,NIFTY,,2025-06-26,2025-06-26,24900.00,PE,NIFTY25JUN24900PE,738.95,775.00,674.00,723.80,719.55,749.45,24414.40,723.80,14100,2400,245,470797342.50,107,F1,75,,,,,
2025-05-07,2025-05-07,FO,NSE,IDO,61744,,NIFTY,,2029-12-27,2029-12-27,22000.00,CE,NIFTY29DEC22000CE,0.00,0.00,0.00,8865.25,0.00,8865.25,24414.40,8739.50,0,0,0,0.00,0,F1,75,,,,,
2025-05-07,2025-05-07,FO,NSE,IDO,61748,,NIFTY,,2029-12-27,2029-12-27,24000.00,CE,NIFTY29DEC24000CE,0.00,0.00,0.00,7730.00,0.00,7730.00,24414.40,7566.45,0,0,0,0.00,0,F1,75,,,,,
2025-05-07,2025-05-07,FO,NSE,IDO,38465,,NIFTY,,2025-05-08,2025-05-08,21800.00,PE,NIFTY2550821800PE,2.00,9.80,0.90,1.05,1.20,3.60,24414.40,1.05,497100,-554550,163632,267561918307.50,35153,F1,75,,,,,
2025-05-07,2025-05-07,FO,NSE,IDO,38471,,NIFTY,,2025-05-08,2025-05-08,21950.00,PE,NIFTY2550821950PE,3.95,10.15,1.10,1.25,1.60,4.15,24414.40,1.25,539925,363675,85231,140327142738.75,20482,F1,75,,,,,
2025-05-07,2025-05-07,FO,NSE,IDO,38477,,NIFTY,,2025-05-08,2025-05-08,22050.00,PE,NIFTY2550822050PE,4.05,4.70,1.10,1.35,1.15,4.40,24414.40,1.35,163875,8400,64217,106210898497.50,18725,F1,75,,,,,
2025-05-07,2025-05-07,FO,NSE,IDO,38487,,NIFTY,,2025-05-08,2025-05-08,22300.00,PE,NIFTY2550822300PE,5.60,8.00,1.30,1.80,1.30,5.30,24414.40,1.80,1362075,324225,210437,352003520835.00,52338,F1,75,,,,,
2025-05-07,2025-05-07,FO,NSE,IDO,38491,,NIFTY,,2025-05-08,2025-05-08,22400.00,PE,NIFTY2550822400PE,6.00,9.95,1.60,2.10,1.70,5.80,24414.40,2.10,1338750,375375,210025,352894179761.25,53739,F1,75,,,,,
2025-05-07,2025-05-07,FO,NSE,IDO,38510,,NIFTY,,2025-05-08,2025-05-08,22750.00,PE,NIFTY2550822750PE,8.35,10.15,3.25,4.20,3.25,7.75,24414.40,4.20,711600,285075,126647,216144865777.50,40083,F1,75,,,,,
2025-05-07,2025-05-07,FO,NSE,IDO,38590,,NIFTY,,2025-05-08,2025-05-08,24000.00,PE,NIFTY2550824000PE,36.00,49.10,16.40,22.40,17.40,27.20,24414.40,22.40,9073200,-892350,1938019,3492239124551.25,725859,F1,75,,,,,
2025-05-07,2025-05-07,FO,NSE,IDO,38631,,NIFTY,,2025-05-08,2025-05-08,24800.00,PE,NIFTY2550824800PE,574.95,574.95,362.85,440.40,425.65,452.10,24414.40,440.40,119775,5175,18445,34917681183.75,11685,F1,75,,,,,
2025-05-07,2025-05-07,FO,NSE,IDO,38675,,NIFTY,,2025-05-08,2025-05-08,25850.00,PE,NIFTY2550825850PE,1456.40,1537.05,1445.75,1537.05,1537.05,1366.60,24414.40,1431.05,1125,-75,11,22538591.25,6,F1,75,,,,,
2025-05-07,2025-05-07,FO,NSE,IDO,46187,,NIFTY,,2025-05-15,2025-05-15,22900.00,PE,NIFTY2551522900PE,33.00,40.65,25.00,28.65,26.00,30.30,24414.40,28.65,152850,-1350,16140,27756681547.50,10135,F1,75,,,,,
2025-05-07,2025-05-07,FO,NSE,IDO,46195,,NIFTY,,2025-05-15,2025-05-15,23050.00,PE,NIFTY2551523050PE,50.00,50.00,28.40,34.00,31.70,34.20,24414.40,34.00,49200,2100,3418,5917558983.75,2202,F1,75,,,,,
2025-05-07,2025-05-07,FO,NSE,IDO,46299,,NIFTY,,2025-05-15,2025-05-15,25150.00,PE,NIFTY2551525150PE,782.40,782.40,706.95,780.40,780.40,746.85,24414.40,739.25,7275,1575,39,75743246.25,21,F1,75,,,,,
2025-05-07,2025-05-07,FO,NSE,IDO,46305,,NIFTY,,2025-05-15,2025-05-15,25300.00,PE,NIFTY2551525300PE,938.00,940.00,903.00,919.00,919.00,910.00,24414.40,873.65,2325,1425,23,45251625.00,16,F1,75,,,,,
2025-05-07,2025-05-07,FO,NSE,IDO,46323,,NIFTY,,2025-05-15,2025-05-15,25700.00,PE,NIFTY2551525700PE,1312.35,1312.35,1302.65,1302.65,1302.65,1203.35,24414.40,1302.65,675,150,2,4051125.00,2,F1,75,,,,,
2025-05-07,2025-05-07,FO,NSE,IDO,49118,,NIFTY,,2025-05-22,2025-05-22,22950.00,PE,NIFTY2552222950PE,0.00,0.00,0.00,112.75,112.75,112.75,24414.40,9.00,150,0,0,0.00,0,F1,75,,,,,
2025-05-07,2025-05-07,FO,NSE,IDO,62358,,NIFTY,,2025-06-26,2025-06-26,24150.00,PE,NIFTY25JUN24150PE,394.65,419.30,393.60,419.30,419.30,436.60,24414.40,386.95,17850,-1650,31,57082563.75,17,F1,75,,,,,
2025-05-07,2025-05-07,FO,NSE,IDO,62354,,NIFTY,,2025-06-26,2025-06-26,24100.00,PE,NIFTY25JUN24100PE,419.45,438.90,375.00,401.40,397.40,426.10,24414.40,401.40,57375,-1425,514,944681463.75,331,F1,75,,,,,
2025-05-07,2025-05-07,FO,NSE,IDO,62352,,NIFTY,,2025-06-26,2025-06-26,24050.00,PE,NIFTY25JUN24050PE,403.85,414.00,366.40,390.90,390.90,394.00,24414.40,390.90,7800,1350,62,113598060.00,22,F1,75,,,,,
2025-05-07,2025-05-07,FO,NSE,IDO,62330,,NIFTY,,2025-06-26,2025-06-26,23500.00,PE,NIFTY25JUN23500PE,300.05,306.80,244.45,267.35,265.50,281.60,24414.40,267.35,1319025,35250,6221,11090407222.50,3089,F1,75,,,,,
2025-05-07,2025-05-07,FO,NSE,IDO,62298,,NIFTY,,2025-06-26,2025-06-26,23100.00,PE,NIFTY25JUN23100PE,202.40,224.45,186.65,202.30,200.95,217.85,24414.40,202.30,17775,-1875,174,304133613.75,82,F1,75,,,,,
2025-05-07,2025-05-07,FO,NSE,IDO,62198,,NIFTY,,2025-06-26,2025-06-26,22450.00,PE,NIFTY25JUN22450PE,0.00,0.00,0.00,179.25,178.35,179.25,24414.40,42.65,2025,0,0,0.00,0,F1,75,,,,,
2025-05-07,2025-05-07,FO,NSE,IDO,62174,,NIFTY,,2025-06-26,2025-06-26,22050.00,PE,NIFTY25JUN22050PE,0.00,0.00,0.00,201.00,201.00,201.00,24414.40,21.15,150,0,0,0.00,0,F1,75,,,,,
2025-05-07,2025-05-07,FO,NSE,IDO,62170,,NIFTY,,2025-06-26,2025-06-26,21900.00,PE,NIFTY25JUN21900PE,111.20,111.20,88.20,96.00,95.10,104.90,24414.40,96.00,99450,-1275,122,201237060.00,36,F1,75,,,,,
2025-05-07,2025-05-07,FO,NSE,IDO,62064,,NIFTY,,2025-06-26,2025-06-26,20450.00,PE,NIFTY25JUN20450PE,0.00,0.00,0.00,13.15,0.00,13.15,24414.40,0.55,0,0,0,0.00,0,F1,75,,,,,
2025-05-07,2025-05-07,FO,NSE,IDO,55120,,NIFTY,,2025-06-26,2025-06-26,18000.00,PE,NIFTY25JUN18000PE,18.40,20.15,16.50,17.80,17.65,18.10,24414.40,17.80,452550,0,549,741893542.50,203,F1,75,,,,,
2025-05-07,2025-05-07,FO,NSE,IDO,40534,,NIFTY,,2025-06-05,2025-06-05,25850.00,PE,NIFTY2560525850PE,0.00,0.00,0.00,1452.75,0.00,1452.75,24414.40,1384.95,0,0,0,0.00,0,F1,75,,,,,
2025-05-07,2025-05-07,FO,NSE,IDO,40532,,NIFTY,,2025-06-05,2025-06-05,25800.00,PE,NIFTY2560525800PE,0.00,0.00,0.00,1410.55,0.00,1410.55,24414.40,1341.90,0,0,0,0.00,0,F1,75,,,,,
2025-05-07,2025-05-07,FO,NSE,IDO,49144,,NIFTY,,2025-05-22,2025-05-22,23350.00,PE,NIFTY2552223350PE,0.00,0.00,0.00,217.90,0.00,217.90,24414.40,30.60,0,0,0,0.00,0,F1,75,,,,,
2025-05-07,2025-05-07,FO,NSE,IDO,49191,,NIFTY,,2025-05-22,2025-05-22,24200.00,PE,NIFTY2552224200PE,263.45,271.40,210.95,236.30,234.05,242.60,24414.40,236.30,49800,8775,2759,5057148577.50,1786,F1,75,,,,,
2025-05-07,2025-05-07,FO,NSE,IDO,49215,,NIFTY,,2025-05-22,2025-05-22,24700.00,PE,NIFTY2552224700PE,444.75,493.20,413.60,450.85,447.55,456.65,24414.40,450.85,4650,-3150,221,416790416.25,126,F1,75,,,,,
2025-05-07,2025-05-07,FO,NSE,IDO,49256,,NIFTY,,2025-05-22,2025-05-22,25050.00,PE,NIFTY2552225050PE,688.05,688.35,687.50,688.15,687.50,619.35,24414.40,688.15,1800,600,8,15442871.25,8,F1,75,,,,,
2025-05-07,2025-05-07,FO,NSE,IDO,49290,,NIFTY,,2025-05-22,2025-05-22,25350.00,PE,NIFTY2552225350PE,0.00,0.00,0.00,1433.05,0.00,1433.05,24414.40,935.30,0,0,0,0.00,0,F1,75,,,,,
2025-05-07,2025-05-07,FO,NSE,IDO,49299,,NIFTY,,2025-05-22,2025-05-22,25450.00,PE,NIFTY2552225450PE,0.00,0.00,0.00,1520.20,0.00,1520.20,24414.40,1021.55,0,0,0,0.00,0,F1,75,,,,,
2025-05-07,2025-05-07,FO,NSE,IDO,49334,,NIFTY,,2025-05-22,2025-05-22,26100.00,PE,NIFTY2552226100PE,0.00,0.00,0.00,2117.75,0.00,2117.75,24414.40,1626.40,0,0,0,0.00,0,F1,75,,,,,
2025-05-07,2025-05-07,FO,NSE,IDO,61356,,NIFTY,,2025-05-29,2025-05-29,21000.00,PE,NIFTY25MAY21000PE,29.00,32.00,20.90,22.80,21.50,24.65,24414.40,22.80,2970225,29925,15086,23788221401.25,6823,F1,75,,,,,
2025-05-07,2025-05-07,FO,NSE,IDO,40508,,NIFTY,,2025-06-05,2025-06-05,25300.00,PE,NIFTY2560525300PE,0.00,0.00,0.00,1014.65,0.00,1014.65,24414.40,940.80,0,0,0,0.00,0,F1,75,,,,,
2025-05-07,2025-05-07,FO,NSE,IDO,40496,,NIFTY,,2025-06-05,2025-06-05,25100.00,PE,NIFTY2560525100PE,0.00,0.00,0.00,872.45,0.00,872.45,24414.40,796.35,0,0,0,0.00,0,F1,75,,,,,
2025-05-07,2025-05-07,FO,NSE,IDO,40490,,NIFTY,,2025-06-05,2025-06-05,24950.00,PE,NIFTY2560524950PE,0.00,0.00,0.00,625.25,625.25,625.25,24414.40,696.50,600,0,0,0.00,0,F1,75,,,,,
2025-05-07,2025-05-07,FO,NSE,IDO,40488,,NIFTY,,2025-06-05,2025-06-05,24900.00,PE,NIFTY2560524900PE,644.05,677.60,641.10,641.10,641.10,600.00,24414.40,664.80,2775,-375,17,32582051.25,13,F1,75,,,,,
2025-05-07,2025-05-07,FO,NSE,IDO,40482,,NIFTY,,2025-06-05,2025-06-05,24800.00,PE,NIFTY2560524800PE,0.00,0.00,0.00,679.40,0.00,679.40,24414.40,603.70,0,0,0,0.00,0,F1,75,,,,,
2025-05-07,2025-05-07,FO,NSE,IDO,40432,,NIFTY,,2025-06-05,2025-06-05,23900.00,PE,NIFTY2560523900PE,281.00,281.00,235.65,255.05,255.05,268.05,24414.40,255.05,1725,525,37,67031688.75,26,F1,75,,,,,
2025-05-07,2025-05-07,FO,NSE,IDO,61372,,NIFTY,,2025-05-29,2025-05-29,21150.00,PE,NIFTY25MAY21150PE,28.85,32.45,23.55,25.80,23.55,26.80,24414.40,25.80,5250,-2625,198,314468535.00,160,F1,75,,,,,
2025-05-07,2025-05-07,FO,NSE,IDO,61482,,NIFTY,,2025-05-29,2025-05-29,21900.00,PE,NIFTY25MAY21900PE,51.05,53.05,37.95,40.35,39.90,46.55,24414.40,40.35,343275,2925,1840,3028176041.25,1064,F1,75,,,,,
2025-05-07,2025-05-07,FO,NSE,IDO,61522,,NIFTY,,2025-05-29,2025-05-29,22900.00,PE,NIFTY25MAY22900PE,101.05,103.45,75.00,85.15,84.60,95.50,24414.40,85.15,200325,-2100,2984,5144791458.75,1789,F1,75,,,,,
2025-05-07,2025-05-07,FO,NSE,IDO,40424,,NIFTY,,2025-06-05,2025-06-05,23700.00,PE,NIFTY2560523700PE,225.00,225.00,219.65,222.80,222.80,202.40,24414.40,152.50,450,450,8,14352978.75,7,F1,75,,,,,
2025-05-07,2025-05-07,FO,NSE,IDO,40406,,NIFTY,,2025-06-05,2025-06-05,23300.00,PE,NIFTY2560523300PE,0.00,0.00,0.00,113.70,0.00,113.70,24414.40,77.95,0,0,0,0.00,0,F1,75,,,,,
2025-05-07,2025-05-07,FO,NSE,IDO,40374,,NIFTY,,2025-06-05,2025-06-05,22750.00,PE,NIFTY2560522750PE,108.15,108.15,102.00,102.00,102.00,108.75,24414.40,102.00,1200,450,8,13711698.75,6,F1,75,,,,,
2025-05-07,2025-05-07,FO,NSE,IDO,61808,,NIFTY,,2025-05-29,2025-05-29,26150.00,PE,NIFTY25MAY26150PE,1693.60,1693.60,1693.60,1693.60,1693.60,3180.80,24414.40,1693.60,75,75,1,2088270.00,1,F1,75,,,,,
2025-05-07,2025-05-07,FO,NSE,IDO,61800,,NIFTY,,2025-05-29,2025-05-29,25950.00,PE,NIFTY25MAY25950PE,1492.95,1492.95,1492.95,1492.95,1492.95,1574.95,24414.40,1492.95,300,75,1,2058221.25,1,F1,75,,,,,
2025-05-07,2025-05-07,FO,NSE,IDO,61756,,NIFTY,,2025-05-29,2025-05-29,25000.00,PE,NIFTY25MAY25000PE,798.95,798.95,630.00,676.80,665.60,701.80,24414.40,676.80,1243875,-35700,9561,18413170616.25,5680,F1,75,,,,,
2025-05-07,2025-05-07,FO,NSE,IDO,61556,,NIFTY,,2025-05-29,2025-05-29,23750.00,PE,NIFTY25MAY23750PE,202.00,214.90,164.50,183.10,180.30,199.50,24414.40,183.10,49425,4050,998,1791628811.25,526,F1,75,,,,,
2025-05-07,2025-05-07,FO,NSE,IDO,49119,,NIFTY,,2025-05-22,2025-05-22,23000.00,CE,NIFTY2552223000CE,1470.00,1490.00,1470.00,1487.00,1489.00,1600.00,24414.40,1487.00,1200,975,16,29376292.50,13,F1,75,,,,,
2025-05-07,2025-05-07,FO,NSE,IDO,38408,,NIFTY,,2025-05-08,2025-05-08,20400.00,CE,NIFTY2550820400CE,0.00,0.00,0.00,2989.15,0.00,2989.15,24414.40,4018.00,0,0,0,0.00,0,F1,75,,,,,
2025-05-07,2025-05-07,FO,NSE,IDO,38430,,NIFTY,,2025-05-08,2025-05-08,20950.00,CE,NIFTY2550820950CE,0.00,0.00,0.00,2446.55,0.00,2446.55,24414.40,3468.10,0,0,0,0.00,0,F1,75,,,,,
2025-05-07,2025-05-07,FO,NSE,IDO,38456,,NIFTY,,2025-05-08,2025-05-08,21600.00,CE,NIFTY2550821600CE,2810.00,2810.00,2745.00,2759.05,2772.60,2755.10,24414.40,2759.05,1275,-8025,123,224755233.75,58,F1,75,,,,,
2025-05-07,2025-05-07,FO,NSE,IDO,38482,,NIFTY,,2025-05-08,2025-05-08,22200.00,CE,NIFTY2550822200CE,2162.00,2162.70,2140.00,2140.00,2140.00,2182.00,24414.40,2218.35,1125,-150,5,9132502.50,3,F1,75,,,,,
2025-05-07,2025-05-07,FO,NSE,IDO,38508,,NIFTY,,2025-05-08,2025-05-08,22750.00,CE,NIFTY2550822750CE,1666.10,1666.10,1666.10,1666.10,1666.10,1758.35,24414.40,1668.45,600,0,1,1831207.50,1,F1,75,,,,,
2025-05-07,2025-05-07,FO,NSE,IDO,38580,,NIFTY,,2025-05-08,2025-05-08,23800.00,CE,NIFTY2550823800CE,500.00,668.00,483.25,582.90,592.00,572.65,24414.40,582.90,125175,-53850,4082,7463741865.00,2743,F1,75,,,,,
2025-05-07,2025-05-07,FO,NSE,IDO,38606,,NIFTY,,2025-05-08,2025-05-08,24400.00,CE,NIFTY2550824400CE,20.30,123.90,20.00,43.70,41.40,54.50,24414.40,43.70,15024750,3172200,9583749,17577729045003.75,4169192,F1,75,,,,,
2025-05-07,2025-05-07,FO,NSE,IDO,38632,,NIFTY,,2025-05-08,2025-05-08,24850.00,CE,NIFTY2550824850CE,4.00,7.75,2.30,3.05,2.65,4.00,24414.40,3.05,3358200,1246875,915712,1706921476432.50,208784,F1,75,,,,,
2025-05-07,2025-05-07,FO,NSE,IDO,38636,,NIFTY,,2025-05-08,2025-05-08,24950.00,CE,NIFTY2550824950CE,2.15,4.85,1.70,2.15,1.90,3.05,24414.40,2.15,2430525,646425,607649,1137185512507.50,116041,F1,75,,,,,
2025-05-07,2025-05-07,FO,NSE,IDO,46196,,NIFTY,,2025-05-15,2025-05-15,23100.00,CE,NIFTY2551523100CE,1305.00,1350.00,1270.00,1310.20,1333.00,1297.95,24414.40,1310.20,39225,37125,518,948373428.75,207,F1,75,,,,,
2025-05-07,2025-05-07,FO,NSE,IDO,46213,,NIFTY,,2025-05-15,2025-05-15,23450.00,CE,NIFTY2551523450CE,1000.00,1003.90,1000.00,1003.90,1003.90,1004.00,24414.40,1009.00,1500,75,2,3667792.50,2,F1,75,,,,,
2025-05-07,2025-05-07,FO,NSE,IDO,46216,,NIFTY,,2025-05-15,2025-05-15,23500.00,CE,NIFTY2551523500CE,859.00,1015.60,859.00,942.40,952.95,924.75,24414.40,942.40,306300,104250,2804,5140994523.75,1120,F1,75,,,,,
2025-05-07,2025-05-07,FO,NSE,IDO,46258,,NIFTY,,2025-05-15,2025-05-15,24200.00,CE,NIFTY2551524200CE,317.05,417.10,278.50,353.60,357.15,333.40,24414.40,353.60,224700,65550,17169,31611596846.25,11522,F1,75,,,,,
2025-05-07,2025-05-07,FO,NSE,IDO,46272,,NIFTY,,2025-05-15,2025-05-15,24550.00,CE,NIFTY2551524550CE,104.00,190.25,85.00,147.65,149.40,129.60,24414.40,147.65,247275,2400,27887,51648794336.25,20214,F1,75,,,,,
2025-05-07,2025-05-07,FO,NSE,IDO,46318,,NIFTY,,2025-05-15,2025-05-15,25600.00,CE,NIFTY2551525600CE,2.30,5.75,2.30,3.30,3.20,3.80,24414.40,3.30,1173375,327375,38768,74445119718.75,16389,F1,75,,,,,
2025-05-07,2025-05-07,FO,NSE,IDO,89627,,NIFTY,,2029-06-28,2029-06-28,22000.00,PE,NIFTY29JUN22000PE,0.00,0.00,0.00,422.00,0.00,422.00,24414.40,452.70,0,0,0,0.00,0,F1,75,,,,,
2025-05-07,2025-05-07,FO,NSE,IDO,86150,,NIFTY,,2028-06-29,2028-06-29,23000.00,PE,NIFTY28JUN23000PE,0.00,0.00,0.00,1399.25,0.00,1399.25,24414.40,623.45,0,0,0,0.00,0,F1,75,,,,,
2025-05-07,2025-05-07,FO,NSE,IDO,53627,,NIFTY,,2027-12-30,2027-12-30,25000.00,PE,NIFTY27DEC25000PE,0.00,0.00,0.00,1546.40,1546.40,1546.40,24414.40,1099.90,75,0,0,0.00,0,F1,75,,,,,
2025-05-07,2025-05-07,FO,NSE,IDO,71546,,NIFTY,,2027-06-24,2027-06-24,17000.00,PE,NIFTY27JUN17000PE,0.00,0.00,0.00,1814.75,0.00,1814.75,24414.40,33.35,0,0,0,0.00,0,F1,75,,,,,
2025-05-07,2025-05-07,FO,NSE,IDO,71506,,NIFTY,,2026-12-31,2026-12-31,26000.00,PE,NIFTY26DEC26000PE,0.00,0.00,0.00,1450.00,1450.00,1450.00,24414.40,1527.00,5150,0,0,0.00,0,F1,75,,,,,
2025-05-07,2025-05-07,FO,NSE,IDO,71502,,NIFTY,,2026-12-31,2026-12-31,24000.00,PE,NIFTY26DEC24000PE,877.50,877.50,851.00,855.05,855.00,877.55,24414.40,855.05,19200,75,9,16782345.00,9,F1,75,,,,,
2025-05-07,2025-05-07,FO,NSE,IDO,58639,,NIFTY,,2026-12-31,2026-12-31,17000.00,PE,NIFTY26DEC17000PE,0.00,0.00,0.00,97.05,97.05,97.05,24414.40,20.75,2850,0,0,0.00,0,F1,75,,,,,
2025-05-07,2025-05-07,FO,NSE,IDO,71473,,NIFTY,,2026-06-25,2026-06-25,24000.00,PE,NIFTY26JUN24000PE,734.30,734.30,734.30,734.30,734.30,794.95,24414.40,794.60,1425,-75,1,1855072.50,1,F1,75,,,,,
2025-05-07,2025-05-07,FO,NSE,IDO,38380,,NIFTY,,2026-06-25,2026-06-25,20000.00,PE,NIFTY26JUN20000PE,0.00,0.00,0.00,3159.75,0.00,3159.75,24414.40,101.25,0,0,0,0.00,0,F1,75,,,,,
2025-05-07,2025-05-07,FO,NSE,IDO,38153,,NIFTY,,2025-12-24,2025-12-24,29000.00,PE,NIFTY25DEC29000PE,0.00,0.00,0.00,3450.20,3436.40,3450.20,24414.40,3687.10,15625,0,0,0.00,0,F1,75,,,,,
2025-05-07,2025-05-07,FO,NSE,IDO,71398,,NIFTY,,2025-12-24,2025-12-24,25000.00,PE,NIFTY25DEC25000PE,980.05,994.60,918.00,941.20,948.15,980.05,24414.40,941.20,678575,-1400,1416,2756005162.50,1151,F1,75,,,,,
2025-05-07,2025-05-07,FO,NSE,IDO,39988,,NIFTY,,2025-12-24,2025-12-24,19000.00,PE,NIFTY25DEC19000PE,110.00,110.00,91.15,103.55,105.00,107.60,24414.40,103.55,210650,0,345,494307191.25,189,F1,75,,,,,
2025-05-07,2025-05-07,FO,NSE,IDO,55122,,NIFTY,,2025-12-24,2025-12-24,18000.00,PE,NIFTY25DEC18000PE,78.75,83.90,70.15,72.15,73.35,76.60,24414.40,72.15,92450,1850,175,237204123.75,145,F1,75,,,,,
2025-05-07,2025-05-07,FO,NSE,IDO,49180,,NIFTY,,2025-12-24,2025-12-24,16500.00,PE,NIFTY25DEC16500PE,0.00,0.00,0.00,20.30,20.30,20.30,24414.40,0.40,2750,0,0,0.00,0,F1,75,,,,,
2025-05-07,2025-05-07,FO,NSE,IDO,55808,,NIFTY,,2025-07-31,2025-07-31,25200.00,PE,NIFTY25JUL25200PE,943.90,943.90,943.90,943.90,943.90,1134.00,24414.40,943.90,75,75,1,1960792.50,1,F1,75,,,,,
2025-05-07,2025-05-07,FO,NSE,IDO,55788,,NIFTY,,2025-07-31,2025-07-31,24700.00,PE,NIFTY25JUL24700PE,701.75,701.75,691.90,691.90,691.90,736.00,24414.40,739.05,3750,3525,57,108587141.25,9,F1,75,,,,,
2025-05-07,2025-05-07,FO,NSE,IDO,55772,,NIFTY,,2025-07-31,2025-07-31,24300.00,PE,NIFTY25JUL24300PE,575.00,583.25,549.65,576.00,576.00,560.20,24414.40,576.00,2775,150,13,24242553.75,11,F1,75,,,,,
2025-05-07,2025-05-07,FO,NSE,IDO,55760,,NIFTY,,2025-07-31,2025-07-31,24050.00,PE,NIFTY25JUL24050PE,483.50,483.50,479.20,479.20,479.20,611.20,24414.40,479.20,150,0,2,3679702.50,2,F1,75,,,,,
2025-05-07,2025-05-07,FO,NSE,IDO,55748,,NIFTY,,2025-07-31,2025-07-31,23750.00,PE,NIFTY25JUL23750PE,409.70,430.15,409.00,414.70,414.70,395.15,24414.40,414.70,3300,75,5,9062115.00,5,F1,75,,,,,
2025-05-07,2025-05-07,FO,NSE,IDO,55700,,NIFTY,,2025-07-31,2025-07-31,22900.00,PE,NIFTY25JUL22900PE,258.00,267.55,238.80,238.80,238.80,265.35,24414.40,238.80,47025,4575,70,121575213.75,48,F1,75,,,,,
2025-05-07,2025-05-07,FO,NSE,IDO,55686,,NIFTY,,2025-07-31,2025-07-31,22600.00,PE,NIFTY25JUL22600PE,208.75,223.95,197.75,199.85,198.10,224.00,24414.40,199.85,28350,900,26,44476533.75,23,F1,75,,,,,
2025-05-07,2025-05-07,FO,NSE,IDO,62458,,NIFTY,,2025-06-26,2025-06-26,26100.00,PE,NIFTY25JUN26100PE,1579.20,1579.20,1579.20,1579.20,1579.20,1600.00,24414.40,1596.25,150,75,1,2075940.00,1,F1,75,,,,,
2025-05-07,2025-05-07,FO,NSE,IDO,71384,,NIFTY,,2025-06-26,2025-06-26,26000.00,PE,NIFTY25JUN26000PE,1525.05,1566.70,1438.70,1498.70,1495.00,1514.25,24414.40,1498.70,828500,6700,431,888841766.25,356,F1,75,,,,,
2025-05-07,2025-05-07,FO,NSE,IDO,62442,,NIFTY,,2025-06-26,2025-06-26,25900.00,PE,NIFTY25JUN25900PE,1401.70,1401.70,1401.70,1401.70,1401.70,1310.00,24414.40,1401.70,300,75,1,2047627.50,1,F1,75,,,,,
2025-05-07,2025-05-07,FO,NSE,IDO,62430,,NIFTY,,2025-06-26,2025-06-26,25700.00,PE,NIFTY25JUN25700PE,1243.75,1243.75,1243.75,1243.75,1243.75,1130.30,24414.40,1243.75,75,75,1,2020781.25,1,F1,75,,,,,
2025-05-07,2025-05-07,FO,NSE,IDO,62416,,NIFTY,,2025-06-26,2025-06-26,25350.00,PE,NIFTY25JUN25350PE,989.05,989.05,989.05,989.05,989.05,1074.15,24414.40,1028.30,150,-75,1,1975428.75,1,F1,75,,,,,
2025-05-07,2025-05-07,FO,NSE,IDO,62410,,NIFTY,,2025-06-26,2025-06-26,25250.00,PE,NIFTY25JUN25250PE,911.60,911.60,911.60,911.60,911.60,812.00,24414.40,961.30,450,-75,1,1962120.00,1,F1,75,,,,,
2025-05-07,2025-05-07,FO,NSE,IDO,62394,,NIFTY,,2025-06-26,2025-06-26,24850.00,PE,NIFTY25JUN24850PE,704.20,704.20,682.45,682.45,682.45,721.45,24414.40,716.95,5250,-150,2,3831498.75,2,F1,75,,,,,
2025-05-07,2025-05-07,FO,NSE,IDO,62360,,NIFTY,,2025-06-26,2025-06-26,24200.00,PE,NIFTY25JUN24200PE,435.30,471.95,403.75,434.90,432.00,454.85,24414.40,434.90,100125,12825,1327,2451618840.00,927,F1,75,,,,,
2025-05-07,2025-05-07,FO,NSE,IDO,62140,,NIFTY,,2025-06-26,2025-06-26,21400.00,PE,NIFTY25JUN21400PE,51.10,66.95,51.10,66.95,66.95,25.75,24414.40,5.65,225,75,11,17709045.00,5,F1,75,,,,,
2025-05-07,2025-05-07,FO,NSE,IDO,62098,,NIFTY,,2025-06-26,2025-06-26,20900.00,PE,NIFTY25JUN20900PE,60.05,65.30,55.00,55.50,55.50,64.30,24414.40,1.75,5175,-3600,62,97462706.25,16,F1,75,,,,,
2025-05-07,2025-05-07,FO,NSE,IDO,62076,,NIFTY,,2025-06-26,2025-06-26,20700.00,PE,NIFTY25JUN20700PE,0.00,0.00,0.00,19.90,0.00,19.90,24414.40,1.05,0,0,0,0.00,0,F1,75,,,,,
2025-05-07,2025-05-07,FO,NSE,IDO,62066,,NIFTY,,2025-06-26,2025-06-26,20500.00,PE,NIFTY25JUN20500PE,56.00,57.20,44.65,47.75,47.10,53.85,24414.40,47.75,217725,-5925,845,1302334518.75,632,F1,75,,,,,
2025-05-07,2025-05-07,FO,NSE,IDO,40544,,NIFTY,,2025-06-05,2025-06-05,26100.00,PE,NIFTY2560526100PE,0.00,0.00,0.00,1669.90,0.00,1669.90,24414.40,1606.15,0,0,0,0.00,0,F1,75,,,,,
2025-05-07,2025-05-07,FO,NSE,IDO,40526,,NIFTY,,2025-06-05,2025-06-05,25650.00,PE,NIFTY2560525650PE,0.00,0.00,0.00,1286.50,0.00,1286.50,24414.40,1215.60,0,0,0,0.00,0,F1,75,,,,,
2025-05-07,2025-05-07,FO,NSE,IDO,40520,,NIFTY,,2025-06-05,2025-06-05,25500.00,PE,NIFTY2560525500PE,0.00,0.00,0.00,1166.80,0.00,1166.80,24414.40,1093.95,0,0,0,0.00,0,F1,75,,,,,
2025-05-07,2025-05-07,FO,NSE,IDO,40516,,NIFTY,,2025-06-05,2025-06-05,25450.00,PE,NIFTY2560525450PE,0.00,0.00,0.00,1128.00,0.00,1128.00,24414.40,1054.55,0,0,0,0.00,0,F1,75,,,,,
2025-05-07,2025-05-07,FO,NSE,IDO,40500,,NIFTY,,2025-06-05,2025-06-05,25150.00,PE,NIFTY2560525150PE,0.00,0.00,0.00,907.05,0.00,907.05,24414.40,831.15,0,0,0,0.00,0,F1,75,,,,,
2025-05-07,2025-05-07,FO,NSE,IDO,40460,,NIFTY,,2025-06-05,2025-06-05,24400.00,PE,NIFTY2560524400PE,405.15,434.60,378.00,399.55,395.10,424.75,24414.40,399.55,8925,450,83,154412673.75,69,F1,75,,,,,
2025-05-07,2025-05-07,FO,NSE,IDO,40430,,NIFTY,,2025-06-05,2025-06-05,23850.00,PE,NIFTY2560523850PE,0.00,0.00,0.00,246.25,0.00,246.25,24414.40,191.00,0,0,0,0.00,0,F1,75,,,,,
2025-05-07,2025-05-07,FO,NSE,IDO,40420,,NIFTY,,2025-06-05,2025-06-05,23650.00,PE,NIFTY2560523650PE,0.00,0.00,0.00,190.20,0.00,190.20,24414.40,141.00,0,0,0,0.00,0,F1,75,,,,,
2025-05-07,2025-05-07,FO,NSE,IDO,40414,,NIFTY,,2025-06-05,2025-06-05,23500.00,PE,NIFTY2560523500PE,203.35,208.10,174.65,183.95,182.05,193.70,24414.40,183.95,4500,2925,80,142116386.25,53,F1,75,,,,,
2025-05-07,2025-05-07,FO,NSE,IDO,40398,,NIFTY,,2025-06-05,2025-06-05,23150.00,PE,NIFTY2560523150PE,0.00,0.00,0.00,89.55,0.00,89.55,24414.40,58.95,0,0,0,0.00,0,F1,75,,,,,
2025-05-07,2025-05-07,FO,NSE,IDO,61792,,NIFTY,,2025-05-29,2025-05-29,25800.00,PE,NIFTY25MAY25800PE,1352.00,1352.00,1352.00,1352.00,1352.00,1245.00,24414.40,1352.00,23025,150,2,4072800.00,2,F1,75,,,,,
2025-05-07,2025-05-07,FO,NSE,IDO,61688,,NIFTY,,2025-05-29,2025-05-29,24600.00,PE,NIFTY25MAY24600PE,499.05,510.90,405.65,445.30,436.60,461.50,24414.40,445.30,442125,30750,11357,21331834155.00,6953,F1,75,,,,,
2025-05-07,2025-05-07,FO,NSE,IDO,61672,,NIFTY,,2025-05-29,2025-05-29,24200.00,PE,NIFTY25MAY24200PE,312.20,399.80,262.55,290.55,288.45,306.15,24414.40,290.55,1241325,-2325,17591,32317198121.25,12510,F1,75,,,,,
2025-05-07,2025-05-07,FO,NSE,IDO,61546,,NIFTY,,2025-05-29,2025-05-29,23500.00,PE,NIFTY25MAY23500PE,167.10,190.00,127.00,145.40,140.00,155.85,24414.40,145.40,3624900,148425,35195,62426566818.75,19073,F1,75,,,,,
2025-05-07,2025-05-07,FO,NSE,IDO,61538,,NIFTY,,2025-05-29,2025-05-29,23300.00,PE,NIFTY25MAY23300PE,145.30,152.65,104.65,119.80,113.60,131.30,24414.40,119.80,427425,10575,8594,15098424405.00,5310,F1,75,,,,,
2025-05-07,2025-05-07,FO,NSE,IDO,61532,,NIFTY,,2025-05-29,2025-05-29,23150.00,PE,NIFTY25MAY23150PE,118.10,124.10,93.60,103.80,102.55,115.35,24414.40,103.80,18075,-7950,512,893216932.50,235,F1,75,,,,,
2025-05-07,2025-05-07,FO,NSE,IDO,61506,,NIFTY,,2025-05-29,2025-05-29,22500.00,PE,NIFTY25MAY22500PE,88.95,88.95,55.85,63.45,60.45,69.00,24414.40,63.45,2716350,71250,17328,29327735422.50,10671,F1,75,,,,,
2025-05-07,2025-05-07,FO,NSE,IDO,61500,,NIFTY,,2025-05-29,2025-05-29,22350.00,PE,NIFTY25MAY22350PE,62.30,69.70,51.00,56.50,55.60,62.15,24414.40,56.50,23700,5475,339,569708190.00,152,F1,75,,,,,
2025-05-07,2025-05-07,FO,NSE,IDO,61488,,NIFTY,,2025-05-29,2025-05-29,22050.00,PE,NIFTY25MAY22050PE,53.10,58.80,42.20,46.65,43.65,52.20,24414.40,46.65,11925,1875,274,454105597.50,144,F1,75,,,,,
2025-05-07,2025-05-07,FO,NSE,IDO,61486,,NIFTY,,2025-05-29,2025-05-29,22000.00,PE,NIFTY25MAY22000PE,52.50,61.85,40.30,44.10,42.75,48.25,24414.40,44.10,3251400,-118425,30868,51043228215.00,14948,F1,75,,,,,
2025-05-07,2025-05-07,FO,NSE,IDO,61352,,NIFTY,,2025-05-29,2025-05-29,20900.00,PE,NIFTY25MAY20900PE,25.85,28.15,20.05,22.00,20.05,24.35,24414.40,22.00,59475,-2100,502,787744196.25,366,F1,75,,,,,
2025-05-07,2025-05-07,FO,NSE,IDO,49340,,NIFTY,,2025-05-22,2025-05-22,26200.00,PE,NIFTY2552226200PE,0.00,0.00,0.00,2213.10,0.00,2213.10,24414.40,1723.60,0,0,0,0.00,0,F1,75,,,,,
2025-05-07,2025-05-07,FO,NSE,IDO,49329,,NIFTY,,2025-05-22,2025-05-22,26000.00,PE,NIFTY2552226000PE,0.00,0.00,0.00,2023.10,0.00,2023.10,24414.40,1529.90,0,0,0,0.00,0,F1,75,,,,,
2025-05-07,2025-05-07,FO,NSE,IDO,49292,,NIFTY,,2025-05-22,2025-05-22,25400.00,PE,NIFTY2552225400PE,0.00,0.00,0.00,1476.45,0.00,1476.45,24414.40,978.15,0,0,0,0.00,0,F1,75,,,,,
2025-05-07,2025-05-07,FO,NSE,IDO,49217,,NIFTY,,2025-05-22,2025-05-22,24750.00,PE,NIFTY2552224750PE,492.00,492.00,492.00,492.00,492.00,480.00,24414.40,485.20,1125,75,1,1893150.00,1,F1,75,,,,,
2025-05-07,2025-05-07,FO,NSE,IDO,49201,,NIFTY,,2025-05-22,2025-05-22,24350.00,PE,NIFTY2552224350PE,309.75,325.05,259.75,284.65,284.45,294.95,24414.40,284.65,19950,8100,877,1620816915.00,492,F1,75,,,,,
2025-05-07,2025-05-07,FO,NSE,IDO,49154,,NIFTY,,2025-05-22,2025-05-22,23600.00,PE,NIFTY2552223600PE,121.40,134.30,96.95,113.55,111.55,118.30,24414.40,113.55,32175,13875,677,1204040542.50,428,F1,75,,,,,
2025-05-07,2025-05-07,FO,NSE,IDO,49124,,NIFTY,,2025-05-22,2025-05-22,23100.00,PE,NIFTY2552223100PE,0.00,0.00,0.00,155.70,155.70,155.70,24414.40,14.65,75,0,0,0.00,0,F1,75,,,,,
2025-05-07,2025-05-07,FO,NSE,IDO,49122,,NIFTY,,2025-05-22,2025-05-22,23050.00,PE,NIFTY2552223050PE,0.00,0.00,0.00,140.75,0.00,140.75,24414.40,12.50,0,0,0,0.00,0,F1,75,,,,,
2025-05-07,2025-05-07,FO,NSE,IDO,49108,,NIFTY,,2025-05-22,2025-05-22,22700.00,PE,NIFTY2552222700PE,47.85,58.30,41.00,46.00,46.05,47.85,24414.40,46.00,22050,4725,261,445276920.00,214,F1,75,,,,,
2025-05-07,2025-05-07,FO,NSE,IDO,49098,,NIFTY,,2025-05-22,2025-05-22,22500.00,PE,NIFTY2552222500PE,45.35,52.00,35.05,38.65,36.60,39.25,24414.40,38.65,172875,95025,6210,10498687050.00,4381,F1,75,,,,,
2025-05-07,2025-05-07,FO,NSE,IDO,49082,,NIFTY,,2025-05-22,2025-05-22,22150.00,PE,NIFTY2552222150PE,31.45,39.05,22.25,27.55,22.25,31.45,24414.40,27.55,18450,12975,784,1304125890.00,277,F1,75,,,,,
2025-05-07,2025-05-07,FO,NSE,IDO,46343,,NIFTY,,2025-05-15,2025-05-15,26150.00,PE,NIFTY2551526150PE,1747.65,1747.65,1747.65,1747.65,1747.65,3580.65,24414.40,1747.65,75,75,1,2092323.75,1,F1,75,,,,,
2025-05-07,2025-05-07,FO,NSE,IDO,46329,,NIFTY,,2025-05-15,2025-05-15,25850.00,PE,NIFTY2551525850PE,1450.55,1450.55,1450.55,1450.55,1450.55,1348.55,24414.40,1401.80,825,75,1,2047541.25,1,F1,75,,,,,
2025-05-07,2025-05-07,FO,NSE,IDO,46321,,NIFTY,,2025-05-15,2025-05-15,25650.00,PE,NIFTY2551525650PE,1260.40,1260.40,1260.40,1260.40,1260.40,1149.10,24414.40,1205.70,375,75,1,2018280.00,1,F1,75,,,,,
2025-05-07,2025-05-07,FO,NSE,IDO,46275,,NIFTY,,2025-05-15,2025-05-15,24600.00,PE,NIFTY2551524600PE,379.80,411.65,289.55,332.30,324.95,334.20,24414.40,332.30,250500,-23325,20889,39062599151.25,13280,F1,75,,,,,
2025-05-07,2025-05-07,FO,NSE,IDO,46251,,NIFTY,,2025-05-15,2025-05-15,24050.00,PE,NIFTY2551524050PE,156.05,166.40,106.95,126.35,118.80,121.20,24414.40,126.35,133200,32175,13679,24804048427.50,10648,F1,75,,,,,
2025-05-07,2025-05-07,FO,NSE,IDO,46117,,NIFTY,,2025-05-15,2025-05-15,21450.00,PE,NIFTY2551521450PE,10.65,16.55,7.30,8.35,8.65,9.70,24414.40,8.35,17175,10125,967,1556418063.75,680,F1,75,,,,,
2025-05-07,2025-05-07,FO,NSE,IDO,46107,,NIFTY,,2025-05-15,2025-05-15,21300.00,PE,NIFTY2551521300PE,13.00,15.15,5.55,7.45,7.35,8.55,24414.40,7.45,40875,18975,4256,6802082407.50,2833,F1,75,,,,,
2025-05-07,2025-05-07,FO,NSE,IDO,38683,,NIFTY,,2025-05-08,2025-05-08,26050.00,PE,NIFTY2550826050PE,0.00,0.00,0.00,1702.30,1702.45,1702.30,24414.40,1631.00,675,0,0,0.00,0,F1,75,,,,,
2025-05-07,2025-05-07,FO,NSE,IDO,38673,,NIFTY,,2025-05-08,2025-05-08,25800.00,PE,NIFTY2550825800PE,0.00,0.00,0.00,1485.20,1485.15,1485.20,24414.40,1381.05,1275,0,0,0.00,0,F1,75,,,,,
2025-05-07,2025-05-07,FO,NSE,IDO,38662,,NIFTY,,2025-05-08,2025-05-08,25550.00,PE,NIFTY2550825550PE,1187.40,1187.40,1187.10,1187.10,1187.10,1212.60,24414.40,1131.10,975,0,2,4010587.50,2,F1,75,,,,,
2025-05-07,2025-05-07,FO,NSE,IDO,38645,,NIFTY,,2025-05-08,2025-05-08,25150.00,PE,NIFTY2550825150PE,830.30,830.30,766.55,771.50,771.50,806.00,24414.40,771.50,2175,225,33,64243676.25,26,F1,75,,,,,
2025-05-07,2025-05-07,FO,NSE,IDO,38643,,NIFTY,,2025-05-08,2025-05-08,25100.00,PE,NIFTY2550825100PE,800.15,804.65,673.70,734.95,731.40,754.60,24414.40,734.95,34875,-150,218,422412195.00,160,F1,75,,,,,
2025-05-07,2025-05-07,FO,NSE,IDO,38635,,NIFTY,,2025-05-08,2025-05-08,24900.00,PE,NIFTY2550824900PE,500.00,622.30,465.00,536.80,523.00,557.50,24414.40,536.80,90600,-1725,3304,6303030716.25,2213,F1,75,,,,,
2025-05-07,2025-05-07,FO,NSE,IDO,38565,,NIFTY,,2025-05-08,2025-05-08,23600.00,PE,NIFTY2550823600PE,18.00,27.90,10.30,13.40,10.65,16.60,24414.40,13.40,2704350,94050,473619,838852855016.25,178116,F1,75,,,,,
2025-05-07,2025-05-07,FO,NSE,IDO,38529,,NIFTY,,2025-05-08,2025-05-08,23050.00,PE,NIFTY2550823050PE,13.35,19.95,5.25,6.85,5.25,10.05,24414.40,6.85,813075,387300,157929,273120336660.00,59833,F1,75,,,,,
2025-05-07,2025-05-07,FO,NSE,IDO,38527,,NIFTY,,2025-05-08,2025-05-08,23000.00,PE,NIFTY2550823000PE,12.00,12.60,4.70,6.05,4.95,9.65,24414.40,6.05,10088325,2725650,1003023,1730809673321.25,324306,F1,75,,,,,
2025-05-07,2025-05-07,FO,NSE,IDO,38479,,NIFTY,,2025-05-08,2025-05-08,22100.00,PE,NIFTY2550822100PE,4.50,4.90,1.25,1.40,1.55,4.55,24414.40,1.40,411825,-56475,150083,248791010253.75,39612,F1,75,,,,,
2025-05-07,2025-05-07,FO,NSE,IDO,38463,,NIFTY,,2025-05-08,2025-05-08,21750.00,PE,NIFTY2550821750PE,3.55,4.50,0.90,1.15,1.05,3.55,24414.40,1.15,137475,-128250,47984,78281290796.25,10754,F1,75,,,,,
2025-05-07,2025-05-07,FO,NSE,IDO,38447,,NIFTY,,2025-05-08,2025-05-08,21350.00,PE,NIFTY2550821350PE,3.00,3.20,0.65,0.85,0.85,2.90,24414.40,0.85,93225,-5700,27668,44306871420.00,6828,F1,75,,,,,
2025-05-07,2025-05-07,FO,NSE,IDO,38431,,NIFTY,,2025-05-08,2025-05-08,20950.00,PE,NIFTY2550820950PE,2.40,2.75,0.50,0.75,0.75,2.40,24414.40,0.75,88125,-19275,24464,38441440237.50,5617,F1,75,,,,,
2025-05-07,2025-05-07,FO,NSE,IDO,61914,,NIFTY,,2029-12-27,2029-12-27,29000.00,CE,NIFTY29DEC29000CE,0.00,0.00,0.00,5305.80,0.00,5305.80,24414.40,5094.20,0,0,0,0.00,0,F1,75,,,,,
2025-05-07,2025-05-07,FO,NSE,IDO,89640,,NIFTY,,2029-06-28,2029-06-28,29000.00,CE,NIFTY29JUN29000CE,0.00,0.00,0.00,5677.90,0.00,5677.90,24414.40,4514.70,0,0,0,0.00,0,F1,75,,,,,
2025-05-07,2025-05-07,FO,NSE,IDO,89638,,NIFTY,,2029-06-28,2029-06-28,28000.00,CE,NIFTY29JUN28000CE,0.00,0.00,0.00,6112.60,0.00,6112.60,24414.40,4950.40,0,0,0,0.00,0,F1,75,,,,,
2025-05-07,2025-05-07,FO,NSE,IDO,89630,,NIFTY,,2029-06-28,2029-06-28,24000.00,CE,NIFTY29JUN24000CE,0.00,0.00,0.00,8085.35,0.00,8085.35,24414.40,7001.05,0,0,0,0.00,0,F1,75,,,,,
2025-05-07,2025-05-07,FO,NSE,IDO,86153,,NIFTY,,2028-06-29,2028-06-29,25000.00,CE,NIFTY28JUN25000CE,0.00,0.00,0.00,3545.15,0.00,3545.15,24414.40,5227.15,0,0,0,0.00,0,F1,75,,,,,
2025-05-07,2025-05-07,FO,NSE,IDO,86149,,NIFTY,,2028-06-29,2028-06-29,23000.00,CE,NIFTY28JUN23000CE,0.00,0.00,0.00,4323.10,0.00,4323.10,24414.40,6411.40,0,0,0,0.00,0,F1,75,,,,,
2025-05-07,2025-05-07,FO,NSE,IDO,86141,,NIFTY,,2028-06-29,2028-06-29,19000.00,CE,NIFTY28JUN19000CE,0.00,0.00,0.00,6252.25,0.00,6252.25,24414.40,9176.95,0,0,0,0.00,0,F1,75,,,,,
2025-05-07,2025-05-07,FO,NSE,IDO,53624,,NIFTY,,2027-12-30,2027-12-30,24000.00,CE,NIFTY27DEC24000CE,0.00,0.00,0.00,3778.95,0.00,3778.95,24414.40,5160.15,0,0,0,0.00,0,F1,75,,,,,
2025-05-07,2025-05-07,FO,NSE,IDO,50549,,NIFTY,,2027-06-24,2027-06-24,28000.00,CE,NIFTY27JUN28000CE,0.00,0.00,0.00,2186.30,0.00,2186.30,24414.40,2442.85,0,0,0,0.00,0,F1,75,,,,,
2025-05-07,2025-05-07,FO,NSE,IDO,71556,,NIFTY,,2027-06-24,2027-06-24,22000.00,CE,NIFTY27JUN22000CE,0.00,0.00,0.00,2783.50,0.00,2783.50,24414.40,5774.30,0,0,0,0.00,0,F1,75,,,,,
2025-05-07,2025-05-07,FO,NSE,IDO,38154,,NIFTY,,2026-06-25,2026-06-25,29000.00,CE,NIFTY26JUN29000CE,0.00,0.00,0.00,864.20,0.00,864.20,24414.40,850.40,0,0,0,0.00,0,F1,75,,,,,
2025-05-07,2025-05-07,FO,NSE,IDO,50556,,NIFTY,,2026-06-25,2026-06-25,18000.00,CE,NIFTY26JUN18000CE,0.00,0.00,0.00,7400.00,7400.00,7400.00,24414.40,7753.00,100,0,0,0.00,0,F1,75,,,,,
2025-05-07,2025-05-07,FO,NSE,IDO,62918,,NIFTY,,2026-03-26,2026-03-26,21000.00,CE,NIFTY26MAR21000CE,0.00,0.00,0.00,4255.80,0.00,4255.80,24414.40,4771.40,0,0,0,0.00,0,F1,75,,,,,
2025-05-07,2025-05-07,FO,NSE,IDO,50971,,NIFTY,,2025-12-24,2025-12-24,27000.00,CE,NIFTY25DEC27000CE,414.80,458.45,402.60,432.65,432.00,431.00,24414.40,432.65,697725,-7125,1733,3565348777.50,1077,F1,75,,,,,
2025-05-07,2025-05-07,FO,NSE,IDO,55815,,NIFTY,,2025-07-31,2025-07-31,25350.00,CE,NIFTY25JUL25350CE,0.00,0.00,0.00,578.20,0.00,578.20,24414.40,554.40,0,0,0,0.00,0,F1,75,,,,,
2025-05-07,2025-05-07,FO,NSE,IDO,55803,,NIFTY,,2025-07-31,2025-07-31,25100.00,CE,NIFTY25JUL25100CE,537.45,537.45,504.65,504.65,504.65,673.25,24414.40,653.10,525,525,8,15365692.50,5,F1,75,,,,,
2025-05-07,2025-05-07,FO,NSE,IDO,55777,,NIFTY,,2025-07-31,2025-07-31,24450.00,CE,NIFTY25JUL24450CE,896.95,896.95,835.10,866.35,866.35,920.60,24414.40,866.35,150,75,3,5696130.00,3,F1,75,,,,,
2025-05-07,2025-05-07,FO,NSE,IDO,55765,,NIFTY,,2025-07-31,2025-07-31,24200.00,CE,NIFTY25JUL24200CE,1005.00,1018.55,992.00,1018.55,1018.55,1011.35,24414.40,1018.55,1200,225,4,7560566.25,4,F1,75,,,,,
2025-05-07,2025-05-07,FO,NSE,IDO,55755,,NIFTY,,2025-07-31,2025-07-31,23950.00,CE,NIFTY25JUL23950CE,0.00,0.00,0.00,1252.90,0.00,1252.90,24414.40,1262.70,0,0,0,0.00,0,F1,75,,,,,
2025-05-07,2025-05-07,FO,NSE,IDO,55751,,NIFTY,,2025-07-31,2025-07-31,23850.00,CE,NIFTY25JUL23850CE,0.00,0.00,0.00,1314.50,0.00,1314.50,24414.40,1327.75,0,0,0,0.00,0,F1,75,,,,,
2025-05-07,2025-05-07,FO,NSE,IDO,55731,,NIFTY,,2025-07-31,2025-07-31,23400.00,CE,NIFTY25JUL23400CE,0.00,0.00,0.00,1613.15,0.00,1613.15,24414.40,1643.30,0,0,0,0.00,0,F1,75,,,,,
2025-05-07,2025-05-07,FO,NSE,IDO,55705,,NIFTY,,2025-07-31,2025-07-31,23050.00,CE,NIFTY25JUL23050CE,0.00,0.00,0.00,1868.60,0.00,1868.60,24414.40,1911.70,0,0,0,0.00,0,F1,75,,,,,
2025-05-07,2025-05-07,FO,NSE,IDO,62439,,NIFTY,,2025-06-26,2025-06-26,25850.00,CE,NIFTY25JUN25850CE,111.25,111.25,110.00,110.60,110.00,112.90,24414.40,110.60,3300,150,4,7788180.00,3,F1,75,,,,,
2025-05-07,2025-05-07,FO,NSE,IDO,62425,,NIFTY,,2025-06-26,2025-06-26,25600.00,CE,NIFTY25JUN25600CE,164.50,178.50,142.50,161.20,161.35,156.80,24414.40,161.20,38775,2175,410,791960103.75,259,F1,75,,,,,
2025-05-07,2025-05-07,FO,NSE,IDO,62383,,NIFTY,,2025-06-26,2025-06-26,24700.00,CE,NIFTY25JUN24700CE,487.00,544.95,464.25,497.35,497.15,487.00,24414.40,497.35,88875,-3750,323,610407232.50,195,F1,75,,,,,
2025-05-07,2025-05-07,FO,NSE,IDO,62355,,NIFTY,,2025-06-26,2025-06-26,24150.00,CE,NIFTY25JUN24150CE,822.50,854.80,822.50,835.60,835.60,843.80,24414.40,872.00,6525,-150,9,16869453.75,7,F1,75,,,,,
2025-05-07,2025-05-07,FO,NSE,IDO,62349,,NIFTY,,2025-06-26,2025-06-26,23950.00,CE,NIFTY25JUN23950CE,995.85,996.30,980.15,980.15,980.15,934.30,24414.40,980.15,2025,-75,5,9352305.00,4,F1,75,,,,,
2025-05-07,2025-05-07,FO,NSE,IDO,62325,,NIFTY,,2025-06-26,2025-06-26,23400.00,CE,NIFTY25JUN23400CE,1390.00,1433.00,1352.25,1433.00,1433.00,1386.80,24414.40,1396.30,4800,975,36,66934091.25,23,F1,75,,,,,
2025-05-07,2025-05-07,FO,NSE,IDO,62267,,NIFTY,,2025-06-26,2025-06-26,23100.00,CE,NIFTY25JUN23100CE,1665.40,1665.40,1665.40,1665.40,1665.40,1760.00,24414.40,1665.40,3375,0,1,1857405.00,1,F1,75,,,,,
2025-05-07,2025-05-07,FO,NSE,IDO,62265,,NIFTY,,2025-06-26,2025-06-26,23050.00,CE,NIFTY25JUN23050CE,1708.30,1708.30,1708.30,1708.30,1708.30,1495.45,24414.40,1708.30,825,75,1,1856872.50,1,F1,75,,,,,
2025-05-07,2025-05-07,FO,NSE,IDO,58618,,NIFTY,,2025-06-26,2025-06-26,22000.00,CE,NIFTY25JUN22000CE,2551.35,2718.20,2551.35,2644.45,2638.55,2616.75,24414.40,2644.45,526875,9225,229,422999051.25,224,F1,75,,,,,
2025-05-07,2025-05-07,FO,NSE,IDO,62147,,NIFTY,,2025-06-26,2025-06-26,21600.00,CE,NIFTY25JUN21600CE,0.00,0.00,0.00,2952.85,2952.85,2952.85,24414.40,3020.45,975,0,0,0.00,0,F1,75,,,,,
2025-05-07,2025-05-07,FO,NSE,IDO,62141,,NIFTY,,2025-06-26,2025-06-26,21450.00,CE,NIFTY25JUN21450CE,0.00,0.00,0.00,3105.05,3105.05,3105.05,24414.40,3166.70,825,0,0,0.00,0,F1,75,,,,,
2025-05-07,2025-05-07,FO,NSE,IDO,62063,,NIFTY,,2025-06-26,2025-06-26,20450.00,CE,NIFTY25JUN20450CE,0.00,0.00,0.00,4055.60,4055.60,4055.60,24414.40,4151.80,300,0,0,0.00,0,F1,75,,,,,
2025-05-07,2025-05-07,FO,NSE,IDO,40545,,NIFTY,,2025-06-05,2025-06-05,26150.00,CE,NIFTY2560526150CE,23.90,23.90,21.95,23.05,23.05,22.80,24414.40,23.05,525,-825,17,33369772.50,6,F1,75,,,,,
2025-05-07,2025-05-07,FO,NSE,IDO,40507,,NIFTY,,2025-06-05,2025-06-05,25300.00,CE,NIFTY2560525300CE,0.00,0.00,0.00,211.60,0.00,211.60,24414.40,184.50,0,0,0,0.00,0,F1,75,,,,,
2025-05-07,2025-05-07,FO,NSE,IDO,40503,,NIFTY,,2025-06-05,2025-06-05,25200.00,CE,NIFTY2560525200CE,0.00,0.00,0.00,238.60,0.00,238.60,24414.40,209.85,0,0,0,0.00,0,F1,75,,,,,
2025-05-07,2025-05-07,FO,NSE,IDO,40469,,NIFTY,,2025-06-05,2025-06-05,24550.00,CE,NIFTY2560524550CE,400.05,400.05,388.15,388.15,388.15,455.00,24414.40,455.45,1950,0,3,5612490.00,3,F1,75,,,,,
2025-05-07,2025-05-07,FO,NSE,IDO,40451,,NIFTY,,2025-06-05,2025-06-05,24300.00,CE,NIFTY2560524300CE,619.70,619.70,530.40,558.60,560.00,540.50,24414.40,558.60,2475,75,9,16781482.50,9,F1,75,,,,,
2025-05-07,2025-05-07,FO,NSE,IDO,40433,,NIFTY,,2025-06-05,2025-06-05,23950.00,CE,NIFTY2560523950CE,0.00,0.00,0.00,817.30,0.00,817.30,24414.40,807.30,0,0,0,0.00,0,F1,75,,,,,
2025-05-07,2025-05-07,FO,NSE,IDO,40419,,NIFTY,,2025-06-05,2025-06-05,23650.00,CE,NIFTY2560523650CE,0.00,0.00,0.00,1026.55,0.00,1026.55,24414.40,1026.30,0,0,0,0.00,0,F1,75,,,,,
2025-05-07,2025-05-07,FO,NSE,IDO,40409,,NIFTY,,2025-06-05,2025-06-05,23400.00,CE,NIFTY2560523400CE,0.00,0.00,0.00,1217.15,0.00,1217.15,24414.40,1227.10,0,0,0,0.00,0,F1,75,,,,,
2025-05-07,2025-05-07,FO,NSE,IDO,40375,,NIFTY,,2025-06-05,2025-06-05,22800.00,CE,NIFTY2560522800CE,0.00,0.00,0.00,1729.65,0.00,1729.65,24414.40,1759.80,0,0,0,0.00,0,F1,75,,,,,
2025-05-07,2025-05-07,FO,NSE,IDO,61785,,NIFTY,,2025-05-29,2025-05-29,25650.00,CE,NIFTY25MAY25650CE,33.60,41.40,28.00,32.50,32.45,31.45,24414.40,32.50,42375,4425,494,951539411.25,204,F1,75,,,,,
2025-05-07,2025-05-07,FO,NSE,IDO,61687,,NIFTY,,2025-05-29,2025-05-29,24600.00,CE,NIFTY25MAY24600CE,291.65,360.00,251.00,305.55,311.75,298.50,24414.40,305.55,643350,-85575,11559,21589558290.00,8374,F1,75,,,,,
2025-05-07,2025-05-07,FO,NSE,IDO,61671,,NIFTY,,2025-05-29,2025-05-29,24200.00,CE,NIFTY25MAY24200CE,499.95,618.00,486.30,553.65,561.60,538.15,24414.40,553.65,1220475,137400,8748,16237408091.25,5578,F1,75,,,,,
2025-05-07,2025-05-07,FO,NSE,IDO,61553,,NIFTY,,2025-05-29,2025-05-29,23700.00,CE,NIFTY25MAY23700CE,895.95,997.00,878.50,944.65,939.60,914.70,24414.40,944.65,268650,5850,641,1183755558.75,389,F1,75,,,,,
2025-05-07,2025-05-07,FO,NSE,IDO,61551,,NIFTY,,2025-05-29,2025-05-29,23650.00,CE,NIFTY25MAY23650CE,987.25,987.35,987.25,987.35,987.35,1070.00,24414.40,961.75,12600,0,2,3695595.00,2,F1,75,,,,,
2025-05-07,2025-05-07,FO,NSE,IDO,61539,,NIFTY,,2025-05-29,2025-05-29,23350.00,CE,NIFTY25MAY23350CE,1232.90,1232.90,1232.90,1232.90,1232.90,1200.05,24414.40,1212.90,9075,75,1,1843717.50,1,F1,75,,,,,
2025-05-07,2025-05-07,FO,NSE,IDO,61497,,NIFTY,,2025-05-29,2025-05-29,22300.00,CE,NIFTY25MAY22300CE,2160.00,2210.00,2160.00,2210.00,2210.00,2294.95,24414.40,2204.55,39525,0,6,11013885.00,6,F1,75,,,,,
2025-05-07,2025-05-07,FO,NSE,IDO,61397,,NIFTY,,2025-05-29,2025-05-29,21550.00,CE,NIFTY25MAY21550CE,0.00,0.00,0.00,2868.65,2868.65,2868.65,24414.40,2948.25,1425,0,0,0.00,0,F1,75,,,,,
2025-05-07,2025-05-07,FO,NSE,IDO,49338,,NIFTY,,2025-05-22,2025-05-22,26200.00,CE,NIFTY2552226200CE,5.00,6.90,4.20,4.65,4.45,6.05,24414.40,4.65,16350,14100,474,931588597.50,159,F1,75,,,,,
2025-05-07,2025-05-07,FO,NSE,IDO,49333,,NIFTY,,2025-05-22,2025-05-22,26100.00,CE,NIFTY2552226100CE,5.25,7.85,5.15,5.40,5.30,6.45,24414.40,5.40,84300,16650,835,1634889108.75,293,F1,75,,,,,
2025-05-07,2025-05-07,FO,NSE,IDO,49258,,NIFTY,,2025-05-22,2025-05-22,25100.00,CE,NIFTY2552225100CE,52.00,82.30,50.05,61.15,64.80,56.15,24414.40,61.15,82425,21975,4632,8740251716.25,3747,F1,75,,,,,
2025-05-07,2025-05-07,FO,NSE,IDO,49224,,NIFTY,,2025-05-22,2025-05-22,24800.00,CE,NIFTY2552224800CE,113.00,176.90,113.00,138.80,140.00,129.80,24414.40,138.80,95025,10200,2476,4630462586.25,1540,F1,75,,,,,
2025-05-07,2025-05-07,FO,NSE,IDO,49165,,NIFTY,,2025-05-22,2025-05-22,23750.00,CE,NIFTY2552223750CE,817.15,817.15,817.15,817.15,817.15,895.75,24414.40,811.15,450,75,1,1842536.25,1,F1,75,,,,,
2025-05-07,2025-05-07,FO,NSE,IDO,49121,,NIFTY,,2025-05-22,2025-05-22,23050.00,CE,NIFTY2552223050CE,1432.45,1432.45,1432.45,1432.45,1432.45,1406.70,24414.40,1437.90,150,75,1,1836183.75,1,F1,75,,,,,
2025-05-07,2025-05-07,FO,NSE,IDO,55690,,NIFTY,,2025-07-31,2025-07-31,22700.00,PE,NIFTY25JUL22700PE,232.80,235.00,203.55,219.25,219.25,232.20,24414.40,219.25,77025,7800,167,287075010.00,85,F1,75,,,,,
2025-05-07,2025-05-07,FO,NSE,IDO,55704,,NIFTY,,2025-07-31,2025-07-31,23000.00,PE,NIFTY25JUL23000PE,291.90,299.00,249.00,267.55,262.45,282.05,24414.40,267.55,238800,46275,1778,3103039248.75,1293,F1,75,,,,,
2025-05-07,2025-05-07,FO,NSE,IDO,55736,,NIFTY,,2025-07-31,2025-07-31,23500.00,PE,NIFTY25JUL23500PE,387.50,387.50,335.35,354.05,353.00,369.05,24414.40,354.05,91650,6000,691,1236516412.50,409,F1,75,,,,,
2025-05-07,2025-05-07,FO,NSE,IDO,55780,,NIFTY,,2025-07-31,2025-07-31,24500.00,PE,NIFTY25JUL24500PE,684.40,684.40,587.85,632.65,635.00,658.95,24414.40,632.65,106350,15450,1397,2634025402.50,809,F1,75,,,,,
2025-05-07,2025-05-07,FO,NSE,IDO,55798,,NIFTY,,2025-07-31,2025-07-31,24950.00,PE,NIFTY25JUL24950PE,0.00,0.00,0.00,989.95,0.00,989.95,24414.40,867.30,0,0,0,0.00,0,F1,75,,,,,
2025-05-07,2025-05-07,FO,NSE,IDO,55119,,NIFTY,,2025-06-26,2025-06-26,18000.00,CE,NIFTY25JUN18000CE,6499.00,6514.70,6453.55,6479.20,6479.20,6492.90,24414.40,6578.85,95650,0,8,14688753.75,8,F1,75,,,,,
2025-05-07,2025-05-07,FO,NSE,IDO,61915,,NIFTY,,2029-12-27,2029-12-27,29000.00,PE,NIFTY29DEC29000PE,0.00,0.00,0.00,1669.20,0.00,1669.20,24414.40,1925.60,0,0,0,0.00,0,F1,75,,,,,
2025-05-07,2025-05-07,FO,NSE,IDO,89631,,NIFTY,,2029-06-28,2029-06-28,24000.00,PE,NIFTY29JUN24000PE,0.00,0.00,0.00,694.05,694.05,694.05,24414.40,766.75,25,0,0,0.00,0,F1,75,,,,,
2025-05-07,2025-05-07,FO,NSE,IDO,67775,,NIFTY,,2028-12-28,2028-12-28,20000.00,PE,NIFTY28DEC20000PE,0.00,0.00,0.00,316.05,316.05,316.05,24414.40,235.80,1100,0,0,0.00,0,F1,75,,,,,
2025-05-07,2025-05-07,FO,NSE,IDO,38165,,NIFTY,,2027-12-30,2027-12-30,29000.00,PE,NIFTY27DEC29000PE,0.00,0.00,0.00,4227.50,0.00,4227.50,24414.40,2578.30,0,0,0,0.00,0,F1,75,,,,,
2025-05-07,2025-05-07,FO,NSE,IDO,53630,,NIFTY,,2027-12-30,2027-12-30,26000.00,PE,NIFTY27DEC26000PE,0.00,0.00,0.00,1951.60,1951.60,1951.60,24414.40,1401.50,75,0,0,0.00,0,F1,75,,,,,
2025-05-07,2025-05-07,FO,NSE,IDO,53604,,NIFTY,,2027-12-30,2027-12-30,18000.00,PE,NIFTY27DEC18000PE,0.00,0.00,0.00,130.30,130.30,130.30,24414.40,81.05,10175,0,0,0.00,0,F1,75,,,,,
2025-05-07,2025-05-07,FO,NSE,IDO,38163,,NIFTY,,2027-06-24,2027-06-24,29000.00,PE,NIFTY27JUN29000PE,0.00,0.00,0.00,4627.10,0.00,4627.10,24414.40,2794.40,0,0,0,0.00,0,F1,75,,,,,
2025-05-07,2025-05-07,FO,NSE,IDO,71554,,NIFTY,,2027-06-24,2027-06-24,21000.00,PE,NIFTY27JUN21000PE,0.00,0.00,0.00,500.00,500.00,500.00,24414.40,289.95,350,0,0,0.00,0,F1,75,,,,,
2025-05-07,2025-05-07,FO,NSE,IDO,71548,,NIFTY,,2027-06-24,2027-06-24,18000.00,PE,NIFTY27JUN18000PE,0.00,0.00,0.00,48.55,48.55,48.55,24414.40,63.50,25,0,0,0.00,0,F1,75,,,,,
2025-05-07,2025-05-07,FO,NSE,IDO,50976,,NIFTY,,2026-06-25,2026-06-25,27000.00,PE,NIFTY26JUN27000PE,0.00,0.00,0.00,6810.70,0.00,6810.70,24414.40,2080.55,0,0,0,0.00,0,F1,75,,,,,
2025-05-07,2025-05-07,FO,NSE,IDO,50498,,NIFTY,,2026-06-25,2026-06-25,17000.00,PE,NIFTY26JUN17000PE,0.00,0.00,0.00,2627.25,0.00,2627.25,24414.40,8.15,0,0,0,0.00,0,F1,75,,,,,
2025-05-07,2025-05-07,FO,NSE,IDO,50462,,NIFTY,,2026-06-25,2026-06-25,16000.00,PE,NIFTY26JUN16000PE,0.00,0.00,0.00,21.00,21.00,21.00,24414.40,2.70,2275,0,0,0.00,0,F1,75,,,,,
2025-05-07,2025-05-07,FO,NSE,IDO,37796,,NIFTY,,2025-12-24,2025-12-24,23000.00,PE,NIFTY25DEC23000PE,461.05,461.05,418.15,432.75,433.25,450.60,24414.40,432.75,1525075,19225,2281,4009255642.50,1584,F1,75,,,,,
2025-05-07,2025-05-07,FO,NSE,IDO,38377,,NIFTY,,2025-12-24,2025-12-24,20000.00,PE,NIFTY25DEC20000PE,160.20,161.95,140.95,148.70,149.90,154.30,24414.40,148.70,639375,-7800,1330,2009869901.25,743,F1,75,,,,,
2025-05-07,2025-05-07,FO,NSE,IDO,49174,,NIFTY,,2025-12-24,2025-12-24,15000.00,PE,NIFTY25DEC15000PE,20.05,20.05,20.05,20.05,20.05,22.10,24414.40,0.05,3100,75,1,1126503.75,1,F1,75,,,,,
2025-05-07,2025-05-07,FO,NSE,IDO,64687,,NIFTY,,2025-09-25,2025-09-25,21000.00,PE,NIFTY25SEP21000PE,152.20,155.05,130.00,138.80,138.00,146.70,24414.40,138.80,391200,2250,1190,1886607315.00,794,F1,75,,,,,
2025-05-07,2025-05-07,FO,NSE,IDO,55810,,NIFTY,,2025-07-31,2025-07-31,25250.00,PE,NIFTY25JUL25250PE,0.00,0.00,0.00,1164.10,0.00,1164.10,24414.40,1037.15,0,0,0,0.00,0,F1,75,,,,,
2025-05-07,2025-05-07,FO,NSE,IDO,38480,,NIFTY,,2025-05-08,2025-05-08,22150.00,CE,NIFTY2550822150CE,0.00,0.00,0.00,2315.90,2315.90,2315.90,24414.40,2268.35,525,0,0,0.00,0,F1,75,,,,,
2025-05-07,2025-05-07,FO,NSE,IDO,38490,,NIFTY,,2025-05-08,2025-05-08,22400.00,CE,NIFTY2550822400CE,1945.00,2014.05,1945.00,1960.00,1960.00,1985.60,24414.40,1960.00,3150,-450,12,21926467.50,10,F1,75,,,,,
2025-05-07,2025-05-07,FO,NSE,IDO,38553,,NIFTY,,2025-05-08,2025-05-08,23500.00,CE,NIFTY2550823500CE,760.00,958.35,760.00,874.45,886.60,861.00,24414.40,874.45,175950,-147675,4815,8800999481.25,2587,F1,75,,,,,
2025-05-07,2025-05-07,FO,NSE,IDO,38562,,NIFTY,,2025-05-08,2025-05-08,23550.00,CE,NIFTY2550823550CE,827.10,858.55,772.05,834.70,837.05,852.00,24414.40,834.70,11550,-2625,185,338255883.75,173,F1,75,,,,,
2025-05-07,2025-05-07,FO,NSE,IDO,38564,,NIFTY,,2025-05-08,2025-05-08,23600.00,CE,NIFTY2550823600CE,769.95,861.50,718.35,773.95,789.80,768.30,24414.40,773.95,37725,-35250,748,1367651092.50,510,F1,75,,,,,
2025-05-07,2025-05-07,FO,NSE,IDO,38600,,NIFTY,,2025-05-08,2025-05-08,24250.00,CE,NIFTY2550824250CE,88.20,245.95,88.20,149.10,153.85,151.95,24414.40,149.10,941925,242475,887897,1624868852227.50,602272,F1,75,,,,,
2025-05-07,2025-05-07,FO,NSE,IDO,38656,,NIFTY,,2025-05-08,2025-05-08,25450.00,CE,NIFTY2550825450CE,1.00,1.55,0.80,1.20,0.85,1.50,24414.40,1.20,1662150,-383100,128662,245595361031.25,26516,F1,75,,,,,
2025-05-07,2025-05-07,FO,NSE,IDO,38680,,NIFTY,,2025-05-08,2025-05-08,26000.00,CE,NIFTY2550826000CE,0.90,1.10,0.50,0.75,0.50,1.10,24414.40,0.75,9409350,-553200,675956,1318158972881.25,108754,F1,75,,,,,
2025-05-07,2025-05-07,FO,NSE,IDO,46098,,NIFTY,,2025-05-15,2025-05-15,21200.00,CE,NIFTY2551521200CE,0.00,0.00,0.00,1400.90,0.00,1400.90,24414.40,3244.35,0,0,0,0.00,0,F1,75,,,,,
2025-05-07,2025-05-07,FO,NSE,IDO,46128,,NIFTY,,2025-05-15,2025-05-15,21750.00,CE,NIFTY2551521750CE,0.00,0.00,0.00,2790.40,2790.40,2790.40,24414.40,2695.15,225,0,0,0.00,0,F1,75,,,,,
2025-05-07,2025-05-07,FO,NSE,IDO,46156,,NIFTY,,2025-05-15,2025-05-15,22350.00,CE,NIFTY2551522350CE,2076.45,2076.45,2076.45,2076.45,2076.45,2143.25,24414.40,2096.00,2325,0,1,1831983.75,1,F1,75,,,,,
2025-05-07,2025-05-07,FO,NSE,IDO,46192,,NIFTY,,2025-05-15,2025-05-15,23000.00,CE,NIFTY2551523000CE,1340.00,1500.00,1340.00,1417.45,1426.65,1395.35,24414.40,1417.45,161175,72225,1143,2092221217.50,675,F1,75,,,,,
2025-05-07,2025-05-07,FO,NSE,IDO,46276,,NIFTY,,2025-05-15,2025-05-15,24650.00,CE,NIFTY2551524650CE,72.95,142.20,72.95,108.35,110.85,91.65,24414.40,108.35,305475,-33825,32125,59644931610.00,22094,F1,75,,,,,
2025-05-07,2025-05-07,FO,NSE,IDO,46278,,NIFTY,,2025-05-15,2025-05-15,24700.00,CE,NIFTY2551524700CE,56.00,121.70,50.10,90.25,93.65,76.35,24414.40,90.25,873600,-151950,107521,199884900322.50,62455,F1,75,,,,,
2025-05-07,2025-05-07,FO,NSE,IDO,46284,,NIFTY,,2025-05-15,2025-05-15,24850.00,CE,NIFTY2551524850CE,30.05,75.30,28.40,52.75,55.60,42.95,24414.40,52.75,450450,54000,28830,53842783623.75,18388,F1,75,,,,,
2025-05-07,2025-05-07,FO,NSE,IDO,46294,,NIFTY,,2025-05-15,2025-05-15,25100.00,CE,NIFTY2551525100CE,14.05,29.80,9.55,19.65,19.50,15.35,24414.40,19.65,1120725,95850,65204,122839933012.50,37824,F1,75,,,,,
2025-05-07,2025-05-07,FO,NSE,IDO,46304,,NIFTY,,2025-05-15,2025-05-15,25300.00,CE,NIFTY2551525300CE,6.35,15.15,5.00,9.55,10.10,8.10,24414.40,9.55,1186125,316200,48919,92859104062.50,28114,F1,75,,,,,
2025-05-07,2025-05-07,FO,NSE,IDO,46320,,NIFTY,,2025-05-15,2025-05-15,25650.00,CE,NIFTY2551525650CE,3.00,4.85,2.40,2.80,2.95,3.50,24414.40,2.80,545850,72675,16092,30961024042.50,5825,F1,75,,,,,
2025-05-07,2025-05-07,FO,NSE,IDO,46334,,NIFTY,,2025-05-15,2025-05-15,25950.00,CE,NIFTY2551525950CE,2.65,3.25,1.65,1.85,1.80,2.80,24414.40,1.85,518850,466050,22353,43508251305.00,4681,F1,75,,,,,
2025-05-07,2025-05-07,FO,NSE,IDO,46342,,NIFTY,,2025-05-15,2025-05-15,26150.00,CE,NIFTY2551526150CE,2.25,2.70,1.50,1.60,1.55,2.55,24414.40,1.60,267600,249900,11054,21681097608.75,2913,F1,75,,,,,
2025-05-07,2025-05-07,FO,NSE,IDO,46344,,NIFTY,,2025-05-15,2025-05-15,26200.00,CE,NIFTY2551526200CE,2.55,2.60,1.45,1.55,1.50,2.55,24414.40,1.55,2405025,2229600,100477,197452281948.75,33409,F1,75,,,,,
2025-05-07,2025-05-07,FO,NSE,IDO,49079,,NIFTY,,2025-05-22,2025-05-22,22100.00,CE,NIFTY2552222100CE,2300.00,2300.00,2300.00,2300.00,2300.00,1906.95,24414.40,2373.20,75,75,1,1830000.00,1,F1,75,,,,,
2025-05-07,2025-05-07,FO,NSE,IDO,49091,,NIFTY,,2025-05-22,2025-05-22,22350.00,CE,NIFTY2552222350CE,0.00,0.00,0.00,2059.15,2059.15,2059.15,24414.40,2124.50,75,0,0,0.00,0,F1,75,,,,,
2025-05-07,2025-05-07,FO,NSE,IDO,49188,,NIFTY,,2025-05-22,2025-05-22,24150.00,CE,NIFTY2552224150CE,512.60,540.80,480.55,503.45,502.30,492.45,24414.40,503.45,5175,-825,33,61039605.00,12,F1,75,,,,,
2025-05-07,2025-05-07,FO,NSE,IDO,49198,,NIFTY,,2025-05-22,2025-05-22,24350.00,CE,NIFTY2552224350CE,328.95,410.05,322.70,361.70,374.80,346.65,24414.40,361.70,19200,5925,659,1221128433.75,406,F1,75,,,,,
2025-05-07,2025-05-07,FO,NSE,IDO,49206,,NIFTY,,2025-05-22,2025-05-22,24500.00,CE,NIFTY2552224500CE,239.30,325.00,239.10,272.40,277.50,261.80,24414.40,272.40,138900,28275,4186,7777636698.75,2867,F1,75,,,,,
2025-05-07,2025-05-07,FO,NSE,IDO,49210,,NIFTY,,2025-05-22,2025-05-22,24600.00,CE,NIFTY2552224600CE,189.20,270.40,184.15,222.60,227.80,211.05,24414.40,222.60,42600,10875,2685,4997958911.25,1804,F1,75,,,,,
2025-05-07,2025-05-07,FO,NSE,IDO,49228,,NIFTY,,2025-05-22,2025-05-22,24900.00,CE,NIFTY2552224900CE,90.50,138.60,88.85,108.00,108.20,101.30,24414.40,108.00,94425,62175,3564,6682986701.25,2026,F1,75,,,,,
2025-05-07,2025-05-07,FO,NSE,IDO,49326,,NIFTY,,2025-05-22,2025-05-22,25950.00,CE,NIFTY2552225950CE,9.00,9.40,6.95,7.60,7.90,9.20,24414.40,7.60,4875,1575,155,301759087.50,40,F1,75,,,,,
2025-05-07,2025-05-07,FO,NSE,IDO,61319,,NIFTY,,2025-05-29,2025-05-29,20350.00,CE,NIFTY25MAY20350CE,0.00,0.00,0.00,3747.75,3747.45,3747.75,24414.40,4143.40,975,0,0,0.00,0,F1,75,,,,,
2025-05-07,2025-05-07,FO,NSE,IDO,61337,,NIFTY,,2025-05-29,2025-05-29,20700.00,CE,NIFTY25MAY20700CE,3766.55,3766.65,3766.55,3766.60,3766.60,4030.40,24414.40,3794.75,1125,0,4,7339983.75,4,F1,75,,,,,
2025-05-07,2025-05-07,FO,NSE,IDO,61371,,NIFTY,,2025-05-29,2025-05-29,21150.00,CE,NIFTY25MAY21150CE,0.00,0.00,0.00,3278.50,3278.90,3278.50,24414.40,3346.50,2025,0,0,0.00,0,F1,75,,,,,
2025-05-07,2025-05-07,FO,NSE,IDO,61467,,NIFTY,,2025-05-29,2025-05-29,21700.00,CE,NIFTY25MAY21700CE,2787.90,2788.80,2787.90,2787.95,2787.95,2712.15,24414.40,2799.05,3750,0,4,7346448.75,4,F1,75,,,,,
2025-05-07,2025-05-07,FO,NSE,IDO,61473,,NIFTY,,2025-05-29,2025-05-29,21850.00,CE,NIFTY25MAY21850CE,0.00,0.00,0.00,2580.35,2580.35,2580.35,24414.40,2649.95,2550,0,0,0.00,0,F1,75,,,,,
2025-05-07,2025-05-07,FO,NSE,IDO,61503,,NIFTY,,2025-05-29,2025-05-29,22450.00,CE,NIFTY25MAY22450CE,2055.70,2055.70,2055.70,2055.70,2055.70,2008.00,24414.40,2055.70,4200,75,1,1837927.50,1,F1,75,,,,,
2025-05-07,2025-05-07,FO,NSE,IDO,61505,,NIFTY,,2025-05-29,2025-05-29,22500.00,CE,NIFTY25MAY22500CE,1992.45,2065.60,1951.00,2014.60,2013.30,1986.30,24414.40,2014.60,689775,-12075,280,514680345.00,204,F1,75,,,,,
2025-05-07,2025-05-07,FO,NSE,IDO,61557,,NIFTY,,2025-05-29,2025-05-29,23800.00,CE,NIFTY25MAY23800CE,813.95,921.00,805.55,853.75,855.40,837.35,24414.40,853.75,325650,-8850,764,1412437158.75,511,F1,75,,,,,
2025-05-07,2025-05-07,FO,NSE,IDO,61621,,NIFTY,,2025-05-29,2025-05-29,23950.00,CE,NIFTY25MAY23950CE,727.95,791.05,624.20,735.80,735.80,735.00,24414.40,735.80,12750,-600,83,153621555.00,35,F1,75,,,,,
2025-05-07,2025-05-07,FO,NSE,IDO,61673,,NIFTY,,2025-05-29,2025-05-29,24250.00,CE,NIFTY25MAY24250CE,502.30,578.15,468.70,517.25,517.20,502.30,24414.40,517.25,70425,-1425,833,1547132321.25,532,F1,75,,,,,
2025-05-07,2025-05-07,FO,NSE,IDO,61683,,NIFTY,,2025-05-29,2025-05-29,24500.00,CE,NIFTY25MAY24500CE,344.60,417.55,279.95,359.50,362.55,352.95,24414.40,359.50,4314375,-129975,65040,121258588991.25,43078,F1,75,,,,,
2025-05-07,2025-05-07,FO,NSE,IDO,61755,,NIFTY,,2025-05-29,2025-05-29,25000.00,CE,NIFTY25MAY25000CE,125.55,178.95,105.85,140.95,144.75,136.90,24414.40,140.95,4102950,-20325,77374,145897483177.50,38874,F1,75,,,,,
2025-05-07,2025-05-07,FO,NSE,IDO,61757,,NIFTY,,2025-05-29,2025-05-29,25050.00,CE,NIFTY25MAY25050CE,119.90,160.35,107.35,127.05,129.50,123.00,24414.40,127.05,49200,-7650,1443,2724603956.25,854,F1,75,,,,,
2025-05-07,2025-05-07,FO,NSE,IDO,61803,,NIFTY,,2025-05-29,2025-05-29,26050.00,CE,NIFTY25MAY26050CE,16.10,19.95,15.10,16.50,16.40,15.20,24414.40,16.50,30750,-5550,385,752681947.50,237,F1,75,,,,,
2025-05-07,2025-05-07,FO,NSE,IDO,61805,,NIFTY,,2025-05-29,2025-05-29,26100.00,CE,NIFTY25MAY26100CE,14.50,19.05,12.10,16.05,16.40,14.85,24414.40,16.05,1115025,339900,15148,29670058121.25,6625,F1,75,,,,,
2025-05-07,2025-05-07,FO,NSE,IDO,40359,,NIFTY,,2025-06-05,2025-06-05,22600.00,CE,NIFTY2560522600CE,0.00,0.00,0.00,1912.95,0.00,1912.95,24414.40,1948.30,0,0,0,0.00,0,F1,75,,,,,
2025-05-07,2025-05-07,FO,NSE,IDO,40365,,NIFTY,,2025-06-05,2025-06-05,22700.00,CE,NIFTY2560522700CE,0.00,0.00,0.00,1820.70,0.00,1820.70,24414.40,1853.55,0,0,0,0.00,0,F1,75,,,,,
2025-05-07,2025-05-07,FO,NSE,IDO,40407,,NIFTY,,2025-06-05,2025-06-05,23350.00,CE,NIFTY2560523350CE,0.00,0.00,0.00,1257.20,0.00,1257.20,24414.40,1269.00,0,0,0,0.00,0,F1,75,,,,,
2025-05-07,2025-05-07,FO,NSE,IDO,40481,,NIFTY,,2025-06-05,2025-06-05,24800.00,CE,NIFTY2560524800CE,270.35,312.00,252.00,271.70,271.70,270.35,24414.40,344.90,1575,675,18,33846866.25,15,F1,75,,,,,
2025-05-07,2025-05-07,FO,NSE,IDO,40487,,NIFTY,,2025-06-05,2025-06-05,24900.00,CE,NIFTY2560524900CE,205.65,236.85,205.65,226.80,226.80,295.65,24414.40,306.45,300,225,7,13192230.00,7,F1,75,,,,,
2025-05-07,2025-05-07,FO,NSE,IDO,40495,,NIFTY,,2025-06-05,2025-06-05,25100.00,CE,NIFTY2560525100CE,0.00,0.00,0.00,268.10,0.00,268.10,24414.40,239.05,0,0,0,0.00,0,F1,75,,,,,
2025-05-07,2025-05-07,FO,NSE,IDO,40505,,NIFTY,,2025-06-05,2025-06-05,25250.00,CE,NIFTY2560525250CE,0.00,0.00,0.00,236.00,236.00,236.00,24414.40,196.30,75,0,0,0.00,0,F1,75,,,,,
2025-05-07,2025-05-07,FO,NSE,IDO,40521,,NIFTY,,2025-06-05,2025-06-05,25550.00,CE,NIFTY2560525550CE,0.00,0.00,0.00,166.50,166.50,166.50,24414.40,128.95,150,0,0,0.00,0,F1,75,,,,,
2025-05-07,2025-05-07,FO,NSE,IDO,62087,,NIFTY,,2025-06-26,2025-06-26,20850.00,CE,NIFTY25JUN20850CE,0.00,0.00,0.00,3672.25,3672.25,3672.25,24414.40,3756.45,300,0,0,0.00,0,F1,75,,,,,
2025-05-07,2025-05-07,FO,NSE,IDO,62091,,NIFTY,,2025-06-26,2025-06-26,20900.00,CE,NIFTY25JUN20900CE,0.00,0.00,0.00,3624.95,3624.95,3624.95,24414.40,3707.10,375,0,0,0.00,0,F1,75,,,,,
2025-05-07,2025-05-07,FO,NSE,IDO,62137,,NIFTY,,2025-06-26,2025-06-26,21350.00,CE,NIFTY25JUN21350CE,0.00,0.00,0.00,3196.15,3196.15,3196.15,24414.40,3264.55,300,0,0,0.00,0,F1,75,,,,,
2025-05-07,2025-05-07,FO,NSE,IDO,62139,,NIFTY,,2025-06-26,2025-06-26,21400.00,CE,NIFTY25JUN21400CE,0.00,0.00,0.00,3156.00,3156.00,3156.00,24414.40,3215.60,975,0,0,0.00,0,F1,75,,,,,
2025-05-07,2025-05-07,FO,NSE,IDO,37749,,NIFTY,,2025-06-26,2025-06-26,23000.00,CE,NIFTY25JUN23000CE,1685.00,1812.00,1685.00,1751.85,1747.15,1726.20,24414.40,1751.85,1351000,-3600,267,495436860.00,224,F1,75,,,,,
2025-05-07,2025-05-07,FO,NSE,IDO,62321,,NIFTY,,2025-06-26,2025-06-26,23300.00,CE,NIFTY25JUN23300CE,1450.00,1508.70,1450.00,1508.70,1508.70,1475.00,24414.40,1475.40,11025,225,7,13000777.50,5,F1,75,,,,,
2025-05-07,2025-05-07,FO,NSE,IDO,62339,,NIFTY,,2025-06-26,2025-06-26,23750.00,CE,NIFTY25JUN23750CE,1169.35,1169.35,1128.70,1128.70,1128.70,1085.30,24414.40,1135.40,900,-150,2,3734853.75,2,F1,75,,,,,
2025-05-07,2025-05-07,FO,NSE,IDO,62409,,NIFTY,,2025-06-26,2025-06-26,25250.00,CE,NIFTY25JUN25250CE,269.45,269.45,237.05,261.40,262.55,259.70,24414.40,261.40,6750,300,59,112850580.00,26,F1,75,,,,,
2025-05-07,2025-05-07,FO,NSE,IDO,55677,,NIFTY,,2025-07-31,2025-07-31,22400.00,CE,NIFTY25JUL22400CE,0.00,0.00,0.00,2388.30,0.00,2388.30,24414.40,2455.15,0,0,0,0.00,0,F1,75,,,,,
2025-05-07,2025-05-07,FO,NSE,IDO,55817,,NIFTY,,2025-07-31,2025-07-31,25400.00,CE,NIFTY25JUL25400CE,412.85,412.85,373.10,373.10,373.10,560.45,24414.40,536.05,75,75,2,3868946.25,2,F1,75,,,,,
2025-05-07,2025-05-07,FO,NSE,IDO,55851,,NIFTY,,2025-07-31,2025-07-31,26050.00,CE,NIFTY25JUL26050CE,0.00,0.00,0.00,365.25,0.00,365.25,24414.40,336.70,0,0,0,0.00,0,F1,75,,,,,
2025-05-07,2025-05-07,FO,NSE,IDO,64694,,NIFTY,,2025-09-25,2025-09-25,25000.00,CE,NIFTY25SEP25000CE,868.40,935.00,843.25,884.45,892.00,878.40,24414.40,884.45,535800,-5250,1403,2723265048.75,1117,F1,75,,,,,
2025-05-07,2025-05-07,FO,NSE,IDO,62912,,NIFTY,,2026-03-26,2026-03-26,18000.00,CE,NIFTY26MAR18000CE,0.00,0.00,0.00,6870.70,0.00,6870.70,24414.40,7462.15,0,0,0,0.00,0,F1,75,,,,,
2025-05-07,2025-05-07,FO,NSE,IDO,62916,,NIFTY,,2026-03-26,2026-03-26,20000.00,CE,NIFTY26MAR20000CE,0.00,0.00,0.00,5090.05,0.00,5090.05,24414.40,5637.45,0,0,0,0.00,0,F1,75,,,,,
2025-05-07,2025-05-07,FO,NSE,IDO,62920,,NIFTY,,2026-03-26,2026-03-26,22000.00,CE,NIFTY26MAR22000CE,0.00,0.00,0.00,3481.20,0.00,3481.20,24414.40,3957.15,0,0,0,0.00,0,F1,75,,,,,
2025-05-07,2025-05-07,FO,NSE,IDO,62928,,NIFTY,,2026-03-26,2026-03-26,26000.00,CE,NIFTY26MAR26000CE,0.00,0.00,0.00,1228.35,0.00,1228.35,24414.40,1493.65,0,0,0,0.00,0,F1,75,,,,,
2025-05-07,2025-05-07,FO,NSE,IDO,62930,,NIFTY,,2026-03-26,2026-03-26,27000.00,CE,NIFTY26MAR27000CE,0.00,0.00,0.00,891.90,0.00,891.90,24414.40,1105.15,0,0,0,0.00,0,F1,75,,,,,
2025-05-07,2025-05-07,FO,NSE,IDO,58640,,NIFTY,,2026-12-31,2026-12-31,18000.00,CE,NIFTY26DEC18000CE,0.00,0.00,0.00,4501.45,0.00,4501.45,24414.40,8344.50,0,0,0,0.00,0,F1,75,,,,,
2025-05-07,2025-05-07,FO,NSE,IDO,71503,,NIFTY,,2026-12-31,2026-12-31,25000.00,CE,NIFTY26DEC25000CE,2760.00,2760.00,2745.00,2745.00,2745.00,2730.75,24414.40,3185.65,17750,-225,5,10408875.00,5,F1,75,,,,,
2025-05-07,2025-05-07,FO,NSE,IDO,50547,,NIFTY,,2026-12-31,2026-12-31,28000.00,CE,NIFTY26DEC28000CE,1225.00,1330.00,1205.00,1244.20,1225.00,1280.00,24414.40,1244.20,4350,0,6,13159875.00,6,F1,75,,,,,
2025-05-07,2025-05-07,FO,NSE,IDO,71558,,NIFTY,,2027-06-24,2027-06-24,23000.00,CE,NIFTY27JUN23000CE,0.00,0.00,0.00,2530.05,0.00,2530.05,24414.40,5092.65,0,0,0,0.00,0,F1,75,,,,,
2025-05-07,2025-05-07,FO,NSE,IDO,53603,,NIFTY,,2027-12-30,2027-12-30,18000.00,CE,NIFTY27DEC18000CE,0.00,0.00,0.00,6285.70,0.00,6285.70,24414.40,9423.00,0,0,0,0.00,0,F1,75,,,,,
2025-05-07,2025-05-07,FO,NSE,IDO,53605,,NIFTY,,2027-12-30,2027-12-30,19000.00,CE,NIFTY27DEC19000CE,0.00,0.00,0.00,5794.90,0.00,5794.90,24414.40,8638.85,0,0,0,0.00,0,F1,75,,,,,
2025-05-07,2025-05-07,FO,NSE,IDO,38164,,NIFTY,,2027-12-30,2027-12-30,29000.00,CE,NIFTY27DEC29000CE,0.00,0.00,0.00,1932.55,0.00,1932.55,24414.40,2709.30,0,0,0,0.00,0,F1,75,,,,,
2025-05-07,2025-05-07,FO,NSE,IDO,89612,,NIFTY,,2029-06-28,2029-06-28,18000.00,CE,NIFTY29JUN18000CE,0.00,0.00,0.00,11678.65,0.00,11678.65,24414.40,10890.90,0,0,0,0.00,0,F1,75,,,,,
2025-05-07,2025-05-07,FO,NSE,IDO,89628,,NIFTY,,2029-06-28,2029-06-28,23000.00,CE,NIFTY29JUN23000CE,0.00,0.00,0.00,8636.00,0.00,8636.00,24414.40,7587.85,0,0,0,0.00,0,F1,75,,,,,
2025-05-07,2025-05-07,FO,NSE,IDO,89636,,NIFTY,,2029-06-28,2029-06-28,27000.00,CE,NIFTY29JUN27000CE,0.00,0.00,0.00,6570.40,0.00,6570.40,24414.40,5417.85,0,0,0,0.00,0,F1,75,,,,,
2025-05-07,2025-05-07,FO,NSE,IDO,38469,,NIFTY,,2025-05-08,2025-05-08,21900.00,PE,NIFTY2550821900PE,4.00,9.80,1.05,1.20,1.25,4.00,24414.40,1.20,402900,-243600,132831,218197010276.25,36389,F1,75,,,,,
2025-05-07,2025-05-07,FO,NSE,IDO,38483,,NIFTY,,2025-05-08,2025-05-08,22200.00,PE,NIFTY2550822200PE,4.35,5.35,1.30,1.50,1.30,4.85,24414.40,1.50,1072200,-152925,167630,279139120522.50,44144,F1,75,,,,,
2025-05-07,2025-05-07,FO,NSE,IDO,38497,,NIFTY,,2025-05-08,2025-05-08,22550.00,PE,NIFTY2550822550PE,6.40,8.65,2.05,2.95,2.35,6.60,24414.40,2.95,599850,324600,97524,164969267928.75,30133,F1,75,,,,,
2025-05-07,2025-05-07,FO,NSE,IDO,38507,,NIFTY,,2025-05-08,2025-05-08,22700.00,PE,NIFTY2550822700PE,8.35,9.55,3.00,3.95,3.05,7.45,24414.40,3.95,1804575,-435075,273415,465600335145.00,89934,F1,75,,,,,
2025-05-07,2025-05-07,FO,NSE,IDO,38595,,NIFTY,,2025-05-08,2025-05-08,24100.00,PE,NIFTY2550824100PE,72.00,90.00,19.25,26.40,20.10,32.70,24414.40,26.40,3423825,731850,1090305,1973251175032.50,505642,F1,75,,,,,
2025-05-07,2025-05-07,FO,NSE,IDO,38607,,NIFTY,,2025-05-08,2025-05-08,24400.00,PE,NIFTY2550824400PE,125.00,172.95,61.00,79.35,62.85,99.25,24414.40,79.35,10913700,1620600,6356962,11677379162088.75,3553837,F1,75,,,,,
2025-05-07,2025-05-07,FO,NSE,IDO,38620,,NIFTY,,2025-05-08,2025-05-08,24600.00,PE,NIFTY2550824600PE,307.35,356.15,188.20,246.75,229.95,256.90,24414.40,246.75,780450,-162525,300608,560245438507.50,192360,F1,75,,,,,
2025-05-07,2025-05-07,FO,NSE,IDO,38649,,NIFTY,,2025-05-08,2025-05-08,25250.00,PE,NIFTY2550825250PE,926.60,927.25,898.80,898.80,898.80,882.50,24414.40,831.15,2625,-300,20,39241852.50,13,F1,75,,,,,
2025-05-07,2025-05-07,FO,NSE,IDO,38651,,NIFTY,,2025-05-08,2025-05-08,25300.00,PE,NIFTY2550825300PE,945.00,989.70,889.65,934.30,934.30,910.90,24414.40,881.15,4500,-300,49,96407700.00,37,F1,75,,,,,
2025-05-07,2025-05-07,FO,NSE,IDO,38671,,NIFTY,,2025-05-08,2025-05-08,25750.00,PE,NIFTY2550825750PE,0.00,0.00,0.00,1383.70,1383.70,1383.70,24414.40,1331.05,450,0,0,0.00,0,F1,75,,,,,
2025-05-07,2025-05-07,FO,NSE,IDO,46067,,NIFTY,,2025-05-15,2025-05-15,20650.00,PE,NIFTY2551520650PE,6.05,9.00,3.65,4.10,4.05,4.90,24414.40,4.10,1281225,930900,37977,58831889178.75,17699,F1,75,,,,,
2025-05-07,2025-05-07,FO,NSE,IDO,46073,,NIFTY,,2025-05-15,2025-05-15,20800.00,PE,NIFTY2551520800PE,6.95,9.30,4.20,4.95,5.25,5.50,24414.40,4.95,171825,130725,9135,14254770626.25,5789,F1,75,,,,,
2025-05-07,2025-05-07,FO,NSE,IDO,46102,,NIFTY,,2025-05-15,2025-05-15,21250.00,PE,NIFTY2551521250PE,8.40,17.75,6.10,7.00,7.65,8.35,24414.40,7.00,11775,6600,873,1391919318.75,636,F1,75,,,,,
2025-05-07,2025-05-07,FO,NSE,IDO,46109,,NIFTY,,2025-05-15,2025-05-15,21350.00,PE,NIFTY2551521350PE,10.75,15.95,6.80,7.90,7.40,8.60,24414.40,7.90,18825,13725,1754,2809814100.00,1163,F1,75,,,,,
2025-05-07,2025-05-07,FO,NSE,IDO,46175,,NIFTY,,2025-05-15,2025-05-15,22750.00,PE,NIFTY2551522750PE,29.65,36.20,22.15,24.35,23.60,25.30,24414.40,24.35,50250,23325,2767,4726545648.75,1882,F1,75,,,,,
2025-05-07,2025-05-07,FO,NSE,IDO,46193,,NIFTY,,2025-05-15,2025-05-15,23000.00,PE,NIFTY2551523000PE,40.05,50.00,27.30,31.80,30.75,32.65,24414.40,31.80,2062875,359400,99176,171335104263.75,46459,F1,75,,,,,
2025-05-07,2025-05-07,FO,NSE,IDO,46214,,NIFTY,,2025-05-15,2025-05-15,23450.00,PE,NIFTY2551523450PE,50.30,73.40,43.05,53.10,51.55,52.90,24414.40,53.10,82200,37200,6195,10920179741.25,3950,F1,75,,,,,
2025-05-07,2025-05-07,FO,NSE,IDO,46261,,NIFTY,,2025-05-15,2025-05-15,24250.00,PE,NIFTY2551524250PE,225.00,225.75,152.55,177.65,170.00,173.55,24414.40,177.65,231900,9675,29517,54084183843.75,21306,F1,75,,,,,
2025-05-07,2025-05-07,FO,NSE,IDO,49112,,NIFTY,,2025-05-22,2025-05-22,22800.00,PE,NIFTY2552222800PE,60.00,71.25,44.95,50.95,49.05,53.20,24414.40,50.95,24600,8400,416,712973580.00,265,F1,75,,,,,
2025-05-07,2025-05-07,FO,NSE,IDO,49132,,NIFTY,,2025-05-22,2025-05-22,23150.00,PE,NIFTY2552223150PE,0.00,0.00,0.00,163.70,163.70,163.70,24414.40,17.10,0,0,0,0.00,0,F1,75,,,,,
2025-05-07,2025-05-07,FO,NSE,IDO,49136,,NIFTY,,2025-05-22,2025-05-22,23250.00,PE,NIFTY2552223250PE,0.00,0.00,0.00,189.35,0.00,189.35,24414.40,23.00,0,0,0,0.00,0,F1,75,,,,,
2025-05-07,2025-05-07,FO,NSE,IDO,49152,,NIFTY,,2025-05-22,2025-05-22,23550.00,PE,NIFTY2552223550PE,0.00,0.00,0.00,284.10,0.00,284.10,24414.40,51.95,0,0,0,0.00,0,F1,75,,,,,
2025-05-07,2025-05-07,FO,NSE,IDO,49166,,NIFTY,,2025-05-22,2025-05-22,23750.00,PE,NIFTY2552223750PE,159.35,159.35,116.50,135.95,133.60,139.20,24414.40,135.95,3525,375,159,284849895.00,124,F1,75,,,,,
2025-05-07,2025-05-07,FO,NSE,IDO,49301,,NIFTY,,2025-05-22,2025-05-22,25500.00,PE,NIFTY2552225500PE,0.00,0.00,0.00,1564.40,0.00,1564.40,24414.40,1065.60,0,0,0,0.00,0,F1,75,,,,,
2025-05-07,2025-05-07,FO,NSE,IDO,49331,,NIFTY,,2025-05-22,2025-05-22,26050.00,PE,NIFTY2552226050PE,0.00,0.00,0.00,2070.30,0.00,2070.30,24414.40,1578.05,0,0,0,0.00,0,F1,75,,,,,
2025-05-07,2025-05-07,FO,NSE,IDO,61334,,NIFTY,,2025-05-29,2025-05-29,20600.00,PE,NIFTY25MAY20600PE,23.00,23.60,16.70,18.20,16.70,20.10,24414.40,18.20,47925,75,506,782512537.50,398,F1,75,,,,,
2025-05-07,2025-05-07,FO,NSE,IDO,61338,,NIFTY,,2025-05-29,2025-05-29,20700.00,PE,NIFTY25MAY20700PE,20.85,24.80,17.60,20.55,18.10,20.60,24414.40,20.55,76275,62550,1529,2376087982.50,712,F1,75,,,,,
2025-05-07,2025-05-07,FO,NSE,IDO,61394,,NIFTY,,2025-05-29,2025-05-29,21450.00,PE,NIFTY25MAY21450PE,32.80,40.30,28.65,30.85,29.10,32.75,24414.40,30.85,11175,750,179,288423427.50,98,F1,75,,,,,
2025-05-07,2025-05-07,FO,NSE,IDO,61526,,NIFTY,,2025-05-29,2025-05-29,23000.00,PE,NIFTY25MAY23000PE,110.00,129.70,82.00,93.65,90.00,101.90,24414.40,93.65,4227675,71175,43579,75490070347.50,24147,F1,75,,,,,
2025-05-07,2025-05-07,FO,NSE,IDO,61534,,NIFTY,,2025-05-29,2025-05-29,23200.00,PE,NIFTY25MAY23200PE,140.00,142.55,95.30,108.05,107.40,120.75,24414.40,108.05,686250,109800,8681,15177587100.00,5616,F1,75,,,,,
2025-05-07,2025-05-07,FO,NSE,IDO,61542,,NIFTY,,2025-05-29,2025-05-29,23400.00,PE,NIFTY25MAY23400PE,149.50,174.00,114.35,130.45,127.40,143.10,24414.40,130.45,554025,14700,13430,23703654855.00,7380,F1,75,,,,,
2025-05-07,2025-05-07,FO,NSE,IDO,61550,,NIFTY,,2025-05-29,2025-05-29,23600.00,PE,NIFTY25MAY23600PE,189.95,207.80,140.50,159.00,153.55,168.50,24414.40,159.00,439200,-18525,6029,10744660481.25,3916,F1,75,,,,,
2025-05-07,2025-05-07,FO,NSE,IDO,61664,,NIFTY,,2025-05-29,2025-05-29,24000.00,PE,NIFTY25MAY24000PE,290.00,298.95,213.40,237.95,234.00,253.00,24414.40,237.95,6884175,-358950,71206,129468176407.50,39608,F1,75,,,,,
2025-05-07,2025-05-07,FO,NSE,IDO,61754,,NIFTY,,2025-05-29,2025-05-29,24950.00,PE,NIFTY25MAY24950PE,676.00,676.00,606.00,639.00,639.00,676.00,24414.40,639.00,11400,-1650,34,65253993.75,32,F1,75,,,,,
2025-05-07,2025-05-07,FO,NSE,IDO,61786,,NIFTY,,2025-05-29,2025-05-29,25650.00,PE,NIFTY25MAY25650PE,1255.25,1255.25,1255.25,1255.25,1255.25,1205.80,24414.40,1206.20,600,0,1,2017893.75,1,F1,75,,,,,
2025-05-07,2025-05-07,FO,NSE,IDO,40376,,NIFTY,,2025-06-05,2025-06-05,22800.00,PE,NIFTY2560522800PE,0.00,0.00,0.00,48.80,0.00,48.80,24414.40,28.85,0,0,0,0.00,0,F1,75,,,,,
2025-05-07,2025-05-07,FO,NSE,IDO,40394,,NIFTY,,2025-06-05,2025-06-05,23100.00,PE,NIFTY2560523100PE,0.00,0.00,0.00,82.50,0.00,82.50,24414.40,53.55,0,0,0,0.00,0,F1,75,,,,,
2025-05-07,2025-05-07,FO,NSE,IDO,40522,,NIFTY,,2025-06-05,2025-06-05,25550.00,PE,NIFTY2560525550PE,0.00,0.00,0.00,1206.20,0.00,1206.20,24414.40,1133.95,0,0,0,0.00,0,F1,75,,,,,
2025-05-07,2025-05-07,FO,NSE,IDO,40530,,NIFTY,,2025-06-05,2025-06-05,25750.00,PE,NIFTY2560525750PE,0.00,0.00,0.00,1368.70,0.00,1368.70,24414.40,1299.35,0,0,0,0.00,0,F1,75,,,,,
2025-05-07,2025-05-07,FO,NSE,IDO,40540,,NIFTY,,2025-06-05,2025-06-05,26000.00,PE,NIFTY2560526000PE,0.00,0.00,0.00,1581.95,0.00,1581.95,24414.40,1516.50,0,0,0,0.00,0,F1,75,,,,,
2025-05-07,2025-05-07,FO,NSE,IDO,62090,,NIFTY,,2025-06-26,2025-06-26,20850.00,PE,NIFTY25JUN20850PE,0.00,0.00,0.00,25.20,0.00,25.20,24414.40,1.55,0,0,0,0.00,0,F1,75,,,,,
2025-05-07,2025-05-07,FO,NSE,IDO,62144,,NIFTY,,2025-06-26,2025-06-26,21500.00,PE,NIFTY25JUN21500PE,87.00,89.00,67.65,75.10,74.60,83.85,24414.40,75.10,500775,34875,3413,5523021153.75,2306,F1,75,,,,,
2025-05-07,2025-05-07,FO,NSE,IDO,62146,,NIFTY,,2025-06-26,2025-06-26,21550.00,PE,NIFTY25JUN21550PE,0.00,0.00,0.00,68.30,0.00,68.30,24414.40,7.85,0,0,0,0.00,0,F1,75,,,,,
2025-05-07,2025-05-07,FO,NSE,IDO,37794,,NIFTY,,2025-06-26,2025-06-26,23000.00,PE,NIFTY25JUN23000PE,230.75,230.75,175.55,191.15,188.80,202.40,24414.40,191.15,3113625,87175,11894,20688773490.00,6412,F1,75,,,,,
2025-05-07,2025-05-07,FO,NSE,IDO,62324,,NIFTY,,2025-06-26,2025-06-26,23350.00,PE,NIFTY25JUN23350PE,255.95,259.65,239.20,239.20,239.20,259.65,24414.40,157.90,6225,75,11,19475430.00,5,F1,75,,,,,
2025-05-07,2025-05-07,FO,NSE,IDO,62328,,NIFTY,,2025-06-26,2025-06-26,23450.00,PE,NIFTY25JUN23450PE,275.40,275.40,256.35,256.35,256.35,281.55,24414.40,178.85,6450,150,7,12450405.00,6,F1,75,,,,,
2025-05-07,2025-05-07,FO,NSE,IDO,89613,,NIFTY,,2029-06-28,2029-06-28,18000.00,PE,NIFTY29JUN18000PE,0.00,0.00,0.00,118.45,0.00,118.45,24414.40,111.55,0,0,0,0.00,0,F1,75,,,,,
2025-05-07,2025-05-07,FO,NSE,IDO,53625,,NIFTY,,2027-12-30,2027-12-30,24000.00,PE,NIFTY27DEC24000PE,0.00,0.00,0.00,860.05,860.05,860.05,24414.40,842.35,825,0,0,0.00,0,F1,75,,,,,
2025-05-07,2025-05-07,FO,NSE,IDO,86166,,NIFTY,,2028-06-29,2028-06-29,28000.00,PE,NIFTY28JUN28000PE,0.00,0.00,0.00,3161.35,0.00,3161.35,24414.40,2000.00,0,0,0,0.00,0,F1,75,,,,,
2025-05-07,2025-05-07,FO,NSE,IDO,38416,,NIFTY,,2025-05-08,2025-05-08,20600.00,CE,NIFTY2550820600CE,0.00,0.00,0.00,3593.65,3593.65,3593.65,24414.40,3818.05,75,0,0,0.00,0,F1,75,,,,,
2025-05-07,2025-05-07,FO,NSE,IDO,38436,,NIFTY,,2025-05-08,2025-05-08,21100.00,CE,NIFTY2550821100CE,0.00,0.00,0.00,2299.85,0.00,2299.85,24414.40,3318.15,0,0,0,0.00,0,F1,75,,,,,
2025-05-07,2025-05-07,FO,NSE,IDO,38524,,NIFTY,,2025-05-08,2025-05-08,22950.00,CE,NIFTY2550822950CE,1483.90,1487.40,1390.30,1408.65,1408.65,1501.05,24414.40,1468.50,1650,-375,43,78735656.25,22,F1,75,,,,,
2025-05-07,2025-05-07,FO,NSE,IDO,38582,,NIFTY,,2025-05-08,2025-05-08,23850.00,CE,NIFTY2550823850CE,506.65,612.60,443.90,531.85,540.60,516.65,24414.40,531.85,21600,-4725,972,1777411391.25,804,F1,75,,,,,
2025-05-07,2025-05-07,FO,NSE,IDO,38584,,NIFTY,,2025-05-08,2025-05-08,23900.00,CE,NIFTY2550823900CE,394.40,570.70,394.40,484.60,492.00,474.90,24414.40,484.60,83100,-52200,4981,9107500578.75,3551,F1,75,,,,,
2025-05-07,2025-05-07,FO,NSE,IDO,38629,,NIFTY,,2025-05-08,2025-05-08,24800.00,CE,NIFTY2550824800CE,3.80,10.00,3.00,3.80,3.30,4.95,24414.40,3.80,7559550,749700,1857591,3455800540136.25,376392,F1,75,,,,,
2025-05-07,2025-05-07,FO,NSE,IDO,38665,,NIFTY,,2025-05-08,2025-05-08,25650.00,CE,NIFTY2550825650CE,1.25,1.40,0.70,1.00,0.75,1.25,24414.40,1.00,560700,-255675,85541,164566367602.50,18993,F1,75,,,,,
2025-05-07,2025-05-07,FO,NSE,IDO,46066,,NIFTY,,2025-05-15,2025-05-15,20650.00,CE,NIFTY2551520650CE,0.00,0.00,0.00,3466.60,3466.60,3466.60,24414.40,3793.60,75,0,0,0.00,0,F1,75,,,,,
2025-05-07,2025-05-07,FO,NSE,IDO,46118,,NIFTY,,2025-05-15,2025-05-15,21500.00,CE,NIFTY2551521500CE,2935.00,2935.00,2870.00,2898.05,2898.05,2593.85,24414.40,2898.05,1350,1050,19,34770832.50,18,F1,75,,,,,
2025-05-07,2025-05-07,FO,NSE,IDO,46154,,NIFTY,,2025-05-15,2025-05-15,22300.00,CE,NIFTY2551522300CE,2175.00,2180.00,2060.00,2080.00,2080.00,2110.00,24414.40,2145.95,4800,3750,51,93335325.00,34,F1,75,,,,,
2025-05-07,2025-05-07,FO,NSE,IDO,46158,,NIFTY,,2025-05-15,2025-05-15,22400.00,CE,NIFTY2551522400CE,2000.00,2000.00,2000.00,2000.00,2000.00,1983.50,24414.40,2046.10,2775,0,1,1830000.00,1,F1,75,,,,,
2025-05-07,2025-05-07,FO,NSE,IDO,46170,,NIFTY,,2025-05-15,2025-05-15,22650.00,CE,NIFTY2551522650CE,1728.00,1804.00,1728.00,1756.70,1756.70,1830.05,24414.40,1756.70,1650,1200,22,40265265.00,19,F1,75,,,,,
2025-05-07,2025-05-07,FO,NSE,IDO,46172,,NIFTY,,2025-05-15,2025-05-15,22700.00,CE,NIFTY2551522700CE,1709.85,1760.50,1651.00,1760.30,1760.30,1695.35,24414.40,1760.30,9675,8175,123,225124331.25,61,F1,75,,,,,
2025-05-07,2025-05-07,FO,NSE,IDO,46184,,NIFTY,,2025-05-15,2025-05-15,22850.00,CE,NIFTY2551522850CE,1561.35,1561.35,1561.35,1561.35,1561.35,1615.65,24414.40,1597.30,1500,0,1,1830851.25,1,F1,75,,,,,
2025-05-07,2025-05-07,FO,NSE,IDO,46189,,NIFTY,,2025-05-15,2025-05-15,22950.00,CE,NIFTY2551522950CE,1463.50,1464.50,1463.50,1464.35,1464.35,1576.50,24414.40,1497.85,3225,-225,3,5493176.25,3,F1,75,,,,,
2025-05-07,2025-05-07,FO,NSE,IDO,46260,,NIFTY,,2025-05-15,2025-05-15,24250.00,CE,NIFTY2551524250CE,269.90,380.00,263.05,320.60,322.65,299.05,24414.40,320.60,74325,8025,7136,13146149985.00,5268,F1,75,,,,,
2025-05-07,2025-05-07,FO,NSE,IDO,46290,,NIFTY,,2025-05-15,2025-05-15,25000.00,CE,NIFTY2551525000CE,20.00,43.65,15.00,29.60,30.30,23.35,24414.40,29.60,1996725,507450,170894,320794483170.00,101600,F1,75,,,,,
2025-05-07,2025-05-07,FO,NSE,IDO,46308,,NIFTY,,2025-05-15,2025-05-15,25400.00,CE,NIFTY2551525400CE,6.00,10.65,4.00,6.70,6.95,6.25,24414.40,6.70,1336425,546225,46513,88630578221.25,23928,F1,75,,,,,
2025-05-07,2025-05-07,FO,NSE,IDO,46310,,NIFTY,,2025-05-15,2025-05-15,25450.00,CE,NIFTY2551525450CE,4.00,9.25,4.00,5.75,5.70,5.65,24414.40,5.75,303525,47700,14828,28309629573.75,8965,F1,75,,,,,
2025-05-07,2025-05-07,FO,NSE,IDO,46340,,NIFTY,,2025-05-15,2025-05-15,26100.00,CE,NIFTY2551526100CE,2.30,2.75,1.50,1.60,1.60,2.50,24414.40,1.60,3248250,2620200,117460,229944659715.00,23607,F1,75,,,,,
2025-05-07,2025-05-07,FO,NSE,IDO,49115,,NIFTY,,2025-05-22,2025-05-22,22900.00,CE,NIFTY2552222900CE,1582.30,1582.65,1582.30,1582.50,1582.65,1542.85,24414.40,1582.50,225,150,2,3672371.25,2,F1,75,,,,,
2025-05-07,2025-05-07,FO,NSE,IDO,49137,,NIFTY,,2025-05-22,2025-05-22,23300.00,CE,NIFTY2552223300CE,1208.75,1208.90,1208.10,1208.55,1208.90,1185.40,24414.40,1208.55,450,375,5,9190706.25,5,F1,75,,,,,
2025-05-07,2025-05-07,FO,NSE,IDO,49171,,NIFTY,,2025-05-22,2025-05-22,23850.00,CE,NIFTY2552223850CE,732.00,732.00,732.00,732.00,732.00,813.40,24414.40,732.25,600,75,1,1843650.00,1,F1,75,,,,,
2025-05-07,2025-05-07,FO,NSE,IDO,49175,,NIFTY,,2025-05-22,2025-05-22,23900.00,CE,NIFTY2552223900CE,667.35,699.00,667.35,699.00,699.00,667.35,24414.40,694.20,4875,0,21,38721502.50,12,F1,75,,,,,
2025-05-07,2025-05-07,FO,NSE,IDO,49184,,NIFTY,,2025-05-22,2025-05-22,24050.00,CE,NIFTY2552224050CE,583.10,592.45,527.00,568.00,568.00,565.70,24414.40,568.00,675,225,52,95938297.50,17,F1,75,,,,,
2025-05-07,2025-05-07,FO,NSE,IDO,49212,,NIFTY,,2025-05-22,2025-05-22,24650.00,CE,NIFTY2552224650CE,194.40,240.00,172.25,199.00,201.70,190.30,24414.40,199.00,8625,5025,273,508698116.25,118,F1,75,,,,,
2025-05-07,2025-05-07,FO,NSE,IDO,49316,,NIFTY,,2025-05-22,2025-05-22,25800.00,CE,NIFTY2552225800CE,10.05,14.45,9.05,9.75,10.00,10.15,24414.40,9.75,43500,20625,1168,2261020605.00,771,F1,75,,,,,
2025-05-07,2025-05-07,FO,NSE,IDO,61351,,NIFTY,,2025-05-29,2025-05-29,20900.00,CE,NIFTY25MAY20900CE,0.00,0.00,0.00,3338.20,3338.20,3338.20,24414.40,3595.55,1725,0,0,0.00,0,F1,75,,,,,
2025-05-07,2025-05-07,FO,NSE,IDO,61493,,NIFTY,,2025-05-29,2025-05-29,22200.00,CE,NIFTY25MAY22200CE,2347.85,2348.00,2257.00,2265.00,2265.00,2299.25,24414.40,2303.15,31575,150,6,11033527.50,4,F1,75,,,,,
2025-05-07,2025-05-07,FO,NSE,IDO,61535,,NIFTY,,2025-05-29,2025-05-29,23250.00,CE,NIFTY25MAY23250CE,1321.10,1321.10,1321.10,1321.10,1321.10,1284.00,24414.40,1301.20,8025,0,1,1842832.50,1,F1,75,,,,,
2025-05-07,2025-05-07,FO,NSE,IDO,61665,,NIFTY,,2025-05-29,2025-05-29,24050.00,CE,NIFTY25MAY24050CE,623.65,676.25,619.70,656.30,657.95,639.65,24414.40,656.30,31350,-2550,107,198239546.25,69,F1,75,,,,,
2025-05-07,2025-05-07,FO,NSE,IDO,61667,,NIFTY,,2025-05-29,2025-05-29,24100.00,CE,NIFTY25MAY24100CE,609.30,690.50,577.25,624.70,634.15,609.30,24414.40,624.70,643725,20175,3132,5807573336.25,2077,F1,75,,,,,
2025-05-07,2025-05-07,FO,NSE,IDO,61669,,NIFTY,,2025-05-29,2025-05-29,24150.00,CE,NIFTY25MAY24150CE,588.45,629.95,542.90,584.75,586.65,574.90,24414.40,584.75,44775,-1125,287,532498087.50,208,F1,75,,,,,
2025-05-07,2025-05-07,FO,NSE,IDO,61681,,NIFTY,,2025-05-29,2025-05-29,24450.00,CE,NIFTY25MAY24450CE,359.95,449.00,349.00,391.00,396.00,379.00,24414.40,391.00,161175,17400,4585,8542306380.00,3163,F1,75,,,,,
2025-05-07,2025-05-07,FO,NSE,IDO,61763,,NIFTY,,2025-05-29,2025-05-29,25200.00,CE,NIFTY25MAY25200CE,75.00,117.35,70.00,89.90,92.90,87.25,24414.40,89.90,759075,-16950,20665,39194148131.25,13620,F1,75,,,,,
2025-05-07,2025-05-07,FO,NSE,IDO,40391,,NIFTY,,2025-06-05,2025-06-05,23050.00,CE,NIFTY2560523050CE,0.00,0.00,0.00,1508.35,0.00,1508.35,24414.40,1530.75,0,0,0,0.00,0,F1,75,,,,,
2025-05-07,2025-05-07,FO,NSE,IDO,40411,,NIFTY,,2025-06-05,2025-06-05,23450.00,CE,NIFTY2560523450CE,0.00,0.00,0.00,1177.65,0.00,1177.65,24414.40,1185.75,0,0,0,0.00,0,F1,75,,,,,
2025-05-07,2025-05-07,FO,NSE,IDO,40543,,NIFTY,,2025-06-05,2025-06-05,26100.00,CE,NIFTY2560526100CE,0.00,0.00,0.00,72.00,0.00,72.00,24414.40,53.95,0,0,0,0.00,0,F1,75,,,,,
2025-05-07,2025-05-07,FO,NSE,IDO,62073,,NIFTY,,2025-06-26,2025-06-26,20650.00,CE,NIFTY25JUN20650CE,0.00,0.00,0.00,3863.65,3863.65,3863.65,24414.40,3954.00,300,0,0,0.00,0,F1,75,,,,,
2025-05-07,2025-05-07,FO,NSE,IDO,62075,,NIFTY,,2025-06-26,2025-06-26,20700.00,CE,NIFTY25JUN20700CE,0.00,0.00,0.00,3815.75,3815.75,3815.75,24414.40,3904.55,300,0,0,0.00,0,F1,75,,,,,
2025-05-07,2025-05-07,FO,NSE,IDO,51449,,NIFTY,,2025-06-26,2025-06-26,21000.00,CE,NIFTY25JUN21000CE,3565.00,3635.50,3528.00,3586.90,3592.60,3568.35,24414.40,3586.90,304200,-25125,385,710542601.25,252,F1,75,,,,,
2025-05-07,2025-05-07,FO,NSE,IDO,62203,,NIFTY,,2025-06-26,2025-06-26,22600.00,CE,NIFTY25JUN22600CE,2106.20,2106.20,2061.70,2061.70,2061.70,2025.25,24414.40,2075.25,3300,0,2,3702592.50,2,F1,75,,,,,
2025-05-07,2025-05-07,FO,NSE,IDO,62207,,NIFTY,,2025-06-26,2025-06-26,22700.00,CE,NIFTY25JUN22700CE,2013.10,2013.10,2013.10,2013.10,2013.10,1959.55,24414.40,2013.10,1950,75,1,1853482.50,1,F1,75,,,,,
2025-05-07,2025-05-07,FO,NSE,IDO,62319,,NIFTY,,2025-06-26,2025-06-26,23250.00,CE,NIFTY25JUN23250CE,1538.75,1538.75,1535.40,1537.10,1535.40,1337.15,24414.40,1537.10,675,150,2,3718061.25,2,F1,75,,,,,
2025-05-07,2025-05-07,FO,NSE,IDO,62333,,NIFTY,,2025-06-26,2025-06-26,23600.00,CE,NIFTY25JUN23600CE,1247.00,1247.00,1246.00,1246.15,1246.30,1225.75,24414.40,1246.15,5100,75,4,7453897.50,4,F1,75,,,,,
2025-05-07,2025-05-07,FO,NSE,IDO,62417,,NIFTY,,2025-06-26,2025-06-26,25400.00,CE,NIFTY25JUN25400CE,216.95,242.35,191.00,214.70,217.60,208.30,24414.40,214.70,45525,6900,832,1598101230.00,366,F1,75,,,,,
2025-05-07,2025-05-07,FO,NSE,IDO,62419,,NIFTY,,2025-06-26,2025-06-26,25450.00,CE,NIFTY25JUN25450CE,204.30,204.30,181.00,196.70,196.70,202.25,24414.40,294.45,3975,-375,70,134609396.25,16,F1,75,,,,,
2025-05-07,2025-05-07,FO,NSE,IDO,62429,,NIFTY,,2025-06-26,2025-06-26,25700.00,CE,NIFTY25JUN25700CE,138.05,158.60,117.15,140.00,140.75,134.70,24414.40,140.00,34050,-150,377,730511497.50,230,F1,75,,,,,
2025-05-07,2025-05-07,FO,NSE,IDO,62461,,NIFTY,,2025-06-26,2025-06-26,26200.00,CE,NIFTY25JUN26200CE,0.00,0.00,0.00,134.30,0.00,134.30,24414.40,133.10,0,0,0,0.00,0,F1,75,,,,,
2025-05-07,2025-05-07,FO,NSE,IDO,50969,,NIFTY,,2025-06-26,2025-06-26,27000.00,CE,NIFTY25JUN27000CE,25.00,28.35,21.00,26.85,27.50,24.50,24414.40,26.85,1386900,47175,6442,13057638648.75,2876,F1,75,,,,,
2025-05-07,2025-05-07,FO,NSE,IDO,55679,,NIFTY,,2025-07-31,2025-07-31,22450.00,CE,NIFTY25JUL22450CE,0.00,0.00,0.00,2346.45,0.00,2346.45,24414.40,2411.55,0,0,0,0.00,0,F1,75,,,,,
2025-05-07,2025-05-07,FO,NSE,IDO,55691,,NIFTY,,2025-07-31,2025-07-31,22750.00,CE,NIFTY25JUL22750CE,0.00,0.00,0.00,2101.60,0.00,2101.60,24414.40,2156.00,0,0,0,0.00,0,F1,75,,,,,
2025-05-07,2025-05-07,FO,NSE,IDO,55699,,NIFTY,,2025-07-31,2025-07-31,22900.00,CE,NIFTY25JUL22900CE,0.00,0.00,0.00,1983.50,0.00,1983.50,24414.40,2032.35,0,0,0,0.00,0,F1,75,,,,,
2025-05-07,2025-05-07,FO,NSE,IDO,55725,,NIFTY,,2025-07-31,2025-07-31,23250.00,CE,NIFTY25JUL23250CE,0.00,0.00,0.00,1721.35,0.00,1721.35,24414.40,1756.00,0,0,0,0.00,0,F1,75,,,,,
2025-05-07,2025-05-07,FO,NSE,IDO,55787,,NIFTY,,2025-07-31,2025-07-31,24700.00,CE,NIFTY25JUL24700CE,709.70,722.00,694.35,722.00,722.00,709.70,24414.40,835.85,2625,1425,19,36208143.75,3,F1,75,,,,,
2025-05-07,2025-05-07,FO,NSE,IDO,55799,,NIFTY,,2025-07-31,2025-07-31,25000.00,CE,NIFTY25JUL25000CE,550.00,610.00,537.00,564.85,570.00,565.35,24414.40,564.85,149550,5175,1155,2214471330.00,601,F1,75,,,,,
2025-05-07,2025-05-07,FO,NSE,IDO,55839,,NIFTY,,2025-07-31,2025-07-31,25800.00,CE,NIFTY25JUL25800CE,260.00,271.85,243.55,270.45,269.00,253.30,24414.40,270.45,5250,1875,76,148496977.50,46,F1,75,,,,,
2025-05-07,2025-05-07,FO,NSE,IDO,64682,,NIFTY,,2025-09-25,2025-09-25,19000.00,CE,NIFTY25SEP19000CE,0.00,0.00,0.00,8559.00,0.00,8559.00,24414.40,5902.60,0,0,0,0.00,0,F1,75,,,,,
2025-05-07,2025-05-07,FO,NSE,IDO,64692,,NIFTY,,2025-09-25,2025-09-25,24000.00,CE,NIFTY25SEP24000CE,1467.70,1560.00,1435.95,1509.15,1510.00,1496.80,24414.40,1509.15,334425,525,192,367271988.75,148,F1,75,,,,,
2025-05-07,2025-05-07,FO,NSE,IDO,64700,,NIFTY,,2025-09-25,2025-09-25,28000.00,CE,NIFTY25SEP28000CE,70.05,81.50,70.00,77.75,78.95,73.05,24414.40,77.75,199125,1350,682,1436060133.75,440,F1,75,,,,,
2025-05-07,2025-05-07,FO,NSE,IDO,38152,,NIFTY,,2025-12-24,2025-12-24,29000.00,CE,NIFTY25DEC29000CE,109.05,119.00,107.45,115.15,116.85,113.85,24414.40,115.15,297375,23700,855,1866916623.75,420,F1,75,,,,,
2025-05-07,2025-05-07,FO,NSE,IDO,62910,,NIFTY,,2026-03-26,2026-03-26,17000.00,CE,NIFTY26MAR17000CE,0.00,0.00,0.00,7789.50,0.00,7789.50,24414.40,8396.70,0,0,0,0.00,0,F1,75,,,,,
2025-05-07,2025-05-07,FO,NSE,IDO,62914,,NIFTY,,2026-03-26,2026-03-26,19000.00,CE,NIFTY26MAR19000CE,0.00,0.00,0.00,5966.85,0.00,5966.85,24414.40,6539.00,0,0,0,0.00,0,F1,75,,,,,
2025-05-07,2025-05-07,FO,NSE,IDO,62932,,NIFTY,,2026-03-26,2026-03-26,28000.00,CE,NIFTY26MAR28000CE,0.00,0.00,0.00,634.25,0.00,634.25,24414.40,799.65,0,0,0,0.00,0,F1,75,,,,,
2025-05-07,2025-05-07,FO,NSE,IDO,58642,,NIFTY,,2026-12-31,2026-12-31,19000.00,CE,NIFTY26DEC19000CE,0.00,0.00,0.00,8600.00,8600.00,8600.00,24414.40,7490.30,125,0,0,0.00,0,F1,75,,,,,
2025-05-07,2025-05-07,FO,NSE,IDO,37806,,NIFTY,,2026-12-31,2026-12-31,23000.00,CE,NIFTY26DEC23000CE,0.00,0.00,0.00,3900.00,3900.00,3900.00,24414.40,4414.20,5100,0,0,0.00,0,F1,75,,,,,
2025-05-07,2025-05-07,FO,NSE,IDO,71501,,NIFTY,,2026-12-31,2026-12-31,24000.00,CE,NIFTY26DEC24000CE,0.00,0.00,0.00,3380.00,3380.00,3380.00,24414.40,3770.00,3525,0,0,0.00,0,F1,75,,,,,
2025-05-07,2025-05-07,FO,NSE,IDO,71553,,NIFTY,,2027-06-24,2027-06-24,21000.00,CE,NIFTY27JUN21000CE,0.00,0.00,0.00,3061.80,0.00,3061.80,24414.40,6499.10,0,0,0,0.00,0,F1,75,,,,,
2025-05-07,2025-05-07,FO,NSE,IDO,53618,,NIFTY,,2027-12-30,2027-12-30,23000.00,CE,NIFTY27DEC23000CE,0.00,0.00,0.00,4125.70,0.00,4125.70,24414.40,5782.00,0,0,0,0.00,0,F1,75,,,,,
2025-05-07,2025-05-07,FO,NSE,IDO,86163,,NIFTY,,2028-06-29,2028-06-29,27000.00,CE,NIFTY28JUN27000CE,0.00,0.00,0.00,2885.15,0.00,2885.15,24414.40,4195.20,0,0,0,0.00,0,F1,75,,,,,
2025-05-07,2025-05-07,FO,NSE,IDO,67770,,NIFTY,,2028-12-28,2028-12-28,18000.00,CE,NIFTY28DEC18000CE,0.00,0.00,0.00,9380.30,0.00,9380.30,24414.40,10420.45,0,0,0,0.00,0,F1,75,,,,,
2025-05-07,2025-05-07,FO,NSE,IDO,67774,,NIFTY,,2028-12-28,2028-12-28,20000.00,CE,NIFTY28DEC20000CE,0.00,0.00,0.00,8115.50,0.00,8115.50,24414.40,8985.50,0,0,0,0.00,0,F1,75,,,,,
2025-05-07,2025-05-07,FO,NSE,IDO,61410,,NIFTY,,2029-12-27,2029-12-27,20000.00,CE,NIFTY29DEC20000CE,0.00,0.00,0.00,10081.10,0.00,10081.10,24414.40,10003.95,0,0,0,0.00,0,F1,75,,,,,
2025-05-07,2025-05-07,FO,NSE,IDO,61772,,NIFTY,,2029-12-27,2029-12-27,25000.00,CE,NIFTY29DEC25000CE,0.00,0.00,0.00,7196.25,0.00,7196.25,24414.40,7018.55,0,0,0,0.00,0,F1,75,,,,,
2025-05-07,2025-05-07,FO,NSE,IDO,61794,,NIFTY,,2029-12-27,2029-12-27,27000.00,CE,NIFTY29DEC27000CE,0.00,0.00,0.00,6201.65,0.00,6201.65,24414.40,6001.60,0,0,0,0.00,0,F1,75,,,,,
2025-05-07,2025-05-07,FO,NSE,IDO,38423,,NIFTY,,2025-05-08,2025-05-08,20750.00,PE,NIFTY2550820750PE,2.00,2.65,0.50,0.70,0.60,2.20,24414.40,0.70,52725,-30975,23945,37266408026.25,4997,F1,75,,,,,
2025-05-07,2025-05-07,FO,NSE,IDO,38459,,NIFTY,,2025-05-08,2025-05-08,21650.00,PE,NIFTY2550821650PE,3.40,4.50,0.85,1.00,1.10,3.35,24414.40,1.00,85350,-46725,36289,58929757916.25,8441,F1,75,,,,,
2025-05-07,2025-05-07,FO,NSE,IDO,38503,,NIFTY,,2025-05-08,2025-05-08,22600.00,PE,NIFTY2550822600PE,8.00,8.00,2.40,3.15,2.40,6.75,24414.40,3.15,1585425,112650,223568,379027167101.25,65378,F1,75,,,,,
2025-05-07,2025-05-07,FO,NSE,IDO,38552,,NIFTY,,2025-05-08,2025-05-08,23450.00,PE,NIFTY2550823450PE,18.00,21.80,8.95,11.40,9.00,14.35,24414.40,11.40,1142025,436875,179541,315943314480.00,66529,F1,75,,,,,
2025-05-07,2025-05-07,FO,NSE,IDO,38585,,NIFTY,,2025-05-08,2025-05-08,23900.00,PE,NIFTY2550823900PE,54.00,54.00,14.30,19.60,15.00,22.80,24414.40,19.60,1709625,-856650,618640,1109952022533.75,272022,F1,75,,,,,
2025-05-07,2025-05-07,FO,NSE,IDO,38593,,NIFTY,,2025-05-08,2025-05-08,24050.00,PE,NIFTY2550824050PE,49.85,54.65,17.60,24.35,18.60,29.65,24414.40,24.35,1122900,28725,531046,958982666242.50,255012,F1,75,,,,,
2025-05-07,2025-05-07,FO,NSE,IDO,38657,,NIFTY,,2025-05-08,2025-05-08,25450.00,PE,NIFTY2550825450PE,1070.00,1104.90,1063.40,1063.40,1063.40,1077.10,24414.40,1031.10,1725,-75,13,25880160.00,11,F1,75,,,,,
2025-05-07,2025-05-07,FO,NSE,IDO,38659,,NIFTY,,2025-05-08,2025-05-08,25500.00,PE,NIFTY2550825500PE,1155.05,1203.35,1059.85,1142.90,1130.00,1155.80,24414.40,1142.90,56250,-18075,360,719322195.00,223,F1,75,,,,,
2025-05-07,2025-05-07,FO,NSE,IDO,38669,,NIFTY,,2025-05-08,2025-05-08,25700.00,PE,NIFTY2550825700PE,1315.00,1315.00,1315.00,1315.00,1315.00,1247.00,24414.40,1281.10,900,-75,1,2026125.00,1,F1,75,,,,,
2025-05-07,2025-05-07,FO,NSE,IDO,38689,,NIFTY,,2025-05-08,2025-05-08,26200.00,PE,NIFTY2550826200PE,1901.70,1901.70,1811.05,1811.05,1811.05,2776.90,24414.40,1781.00,150,150,4,8419518.75,3,F1,75,,,,,
2025-05-07,2025-05-07,FO,NSE,IDO,46086,,NIFTY,,2025-05-15,2025-05-15,20950.00,PE,NIFTY2551520950PE,4.00,12.00,4.00,5.55,6.80,6.40,24414.40,5.55,25425,12525,4369,6867073192.50,3237,F1,75,,,,,
2025-05-07,2025-05-07,FO,NSE,IDO,46097,,NIFTY,,2025-05-15,2025-05-15,21150.00,PE,NIFTY2551521150PE,9.00,15.00,5.65,6.90,6.90,7.75,24414.40,6.90,11175,5775,1379,2188329000.00,1038,F1,75,,,,,
2025-05-07,2025-05-07,FO,NSE,IDO,46139,,NIFTY,,2025-05-15,2025-05-15,21950.00,PE,NIFTY2551521950PE,13.65,22.85,10.80,11.95,11.60,12.80,24414.40,11.95,18975,6300,1436,2365622133.75,925,F1,75,,,,,
2025-05-07,2025-05-07,FO,NSE,IDO,46173,,NIFTY,,2025-05-15,2025-05-15,22700.00,PE,NIFTY2551522700PE,27.85,34.65,21.00,23.80,21.65,24.00,24414.40,23.80,290175,75525,14336,24433801871.25,9623,F1,75,,,,,
2025-05-07,2025-05-07,FO,NSE,IDO,46202,,NIFTY,,2025-05-15,2025-05-15,23200.00,PE,NIFTY2551523200PE,55.00,59.80,32.15,39.10,38.75,40.45,24414.40,39.10,412125,104325,25816,44998215138.75,15719,F1,75,,,,,
2025-05-07,2025-05-07,FO,NSE,IDO,46207,,NIFTY,,2025-05-15,2025-05-15,23300.00,PE,NIFTY2551523300PE,60.00,61.50,35.70,43.95,42.10,44.45,24414.40,43.95,278325,-11100,16414,28739801437.50,9963,F1,75,,,,,
2025-05-07,2025-05-07,FO,NSE,IDO,46209,,NIFTY,,2025-05-15,2025-05-15,23350.00,PE,NIFTY2551523350PE,72.00,72.00,38.05,46.95,44.75,46.40,24414.40,46.95,58350,2925,4362,7654384923.75,2536,F1,75,,,,,
2025-05-07,2025-05-07,FO,NSE,IDO,46217,,NIFTY,,2025-05-15,2025-05-15,23500.00,PE,NIFTY2551523500PE,72.00,82.15,45.65,56.45,54.90,56.00,24414.40,56.45,1904250,624750,79939,141233625337.50,42029,F1,75,,,,,
2025-05-07,2025-05-07,FO,NSE,IDO,46221,,NIFTY,,2025-05-15,2025-05-15,23600.00,PE,NIFTY2551523600PE,71.00,92.40,51.70,64.35,58.60,62.30,24414.40,64.35,625275,209475,33438,59347295835.00,22637,F1,75,,,,,
2025-05-07,2025-05-07,FO,NSE,IDO,46229,,NIFTY,,2025-05-15,2025-05-15,23750.00,PE,NIFTY2551523750PE,109.95,109.95,65.00,78.65,75.05,76.25,24414.40,78.65,204225,51450,9291,16604741122.50,6536,F1,75,,,,,
2025-05-07,2025-05-07,FO,NSE,IDO,46235,,NIFTY,,2025-05-15,2025-05-15,23900.00,PE,NIFTY2551523900PE,149.75,149.75,82.00,98.90,95.55,95.45,24414.40,98.90,498525,77850,38348,69028766658.75,25589,F1,75,,,,,
2025-05-07,2025-05-07,FO,NSE,IDO,46259,,NIFTY,,2025-05-15,2025-05-15,24200.00,PE,NIFTY2551524200PE,218.85,218.85,138.70,163.40,157.00,159.00,24414.40,163.40,941700,130950,94362,172431813281.25,61850,F1,75,,,,,
2025-05-07,2025-05-07,FO,NSE,IDO,46271,,NIFTY,,2025-05-15,2025-05-15,24500.00,PE,NIFTY2551524500PE,341.75,344.60,240.45,279.25,268.00,276.30,24414.40,279.25,1975950,43350,92404,171714737696.25,56649,F1,75,,,,,
2025-05-07,2025-05-07,FO,NSE,IDO,46283,,NIFTY,,2025-05-15,2025-05-15,24800.00,PE,NIFTY2551524800PE,563.20,563.25,411.35,470.40,460.55,472.50,24414.40,470.40,116925,30225,4823,9141109132.50,2575,F1,75,,,,,
2025-05-07,2025-05-07,FO,NSE,IDO,46291,,NIFTY,,2025-05-15,2025-05-15,25000.00,PE,NIFTY2551525000PE,700.00,750.90,570.00,635.85,627.40,650.80,24414.40,635.85,244650,164400,5710,10981866821.25,2953,F1,75,,,,,
2025-05-07,2025-05-07,FO,NSE,IDO,46307,,NIFTY,,2025-05-15,2025-05-15,25350.00,PE,NIFTY2551525350PE,968.00,980.00,968.00,980.00,980.00,872.30,24414.40,919.75,3825,-75,2,3948600.00,2,F1,75,,,,,
2025-05-07,2025-05-07,FO,NSE,IDO,46317,,NIFTY,,2025-05-15,2025-05-15,25550.00,PE,NIFTY2551525550PE,1164.65,1164.95,1164.65,1164.80,1164.75,1060.85,24414.40,1164.80,1125,225,3,6010826.25,3,F1,75,,,,,
2025-05-07,2025-05-07,FO,NSE,IDO,46341,,NIFTY,,2025-05-15,2025-05-15,26100.00,PE,NIFTY2551526100PE,1710.15,1710.15,1701.00,1701.00,1701.00,1600.90,24414.40,1701.00,375,75,2,4170836.25,2,F1,75,,,,,
2025-05-07,2025-05-07,FO,NSE,IDO,49134,,NIFTY,,2025-05-22,2025-05-22,23200.00,PE,NIFTY2552223200PE,80.50,90.00,63.25,74.00,72.55,78.05,24414.40,74.00,24750,22875,633,1104889807.50,495,F1,75,,,,,
2025-05-07,2025-05-07,FO,NSE,IDO,49261,,NIFTY,,2025-05-22,2025-05-22,25100.00,PE,NIFTY2552225100PE,0.00,0.00,0.00,770.55,770.55,770.55,24414.40,732.10,225,0,0,0.00,0,F1,75,,,,,
2025-05-07,2025-05-07,FO,NSE,IDO,49308,,NIFTY,,2025-05-22,2025-05-22,25650.00,PE,NIFTY2552225650PE,0.00,0.00,0.00,1699.00,0.00,1699.00,24414.40,1200.80,0,0,0,0.00,0,F1,75,,,,,
2025-05-07,2025-05-07,FO,NSE,IDO,49312,,NIFTY,,2025-05-22,2025-05-22,25700.00,PE,NIFTY2552225700PE,0.00,0.00,0.00,1744.50,0.00,1744.50,24414.40,1246.75,0,0,0,0.00,0,F1,75,,,,,
2025-05-07,2025-05-07,FO,NSE,IDO,61474,,NIFTY,,2025-05-29,2025-05-29,21850.00,PE,NIFTY25MAY21850PE,46.20,51.35,37.25,39.30,37.80,46.20,24414.40,39.30,27000,675,228,374351670.00,115,F1,75,,,,,
2025-05-07,2025-05-07,FO,NSE,IDO,61490,,NIFTY,,2025-05-29,2025-05-29,22100.00,PE,NIFTY25MAY22100PE,60.00,60.50,43.25,48.00,45.35,52.50,24414.40,48.00,157575,9375,4263,7082287845.00,2890,F1,75,,,,,
2025-05-07,2025-05-07,FO,NSE,IDO,61494,,NIFTY,,2025-05-29,2025-05-29,22200.00,PE,NIFTY25MAY22200PE,63.10,65.40,46.00,49.90,47.40,55.80,24414.40,49.90,396300,24975,5506,9189627015.00,3769,F1,75,,,,,
2025-05-07,2025-05-07,FO,NSE,IDO,40384,,NIFTY,,2025-06-05,2025-06-05,22850.00,PE,NIFTY2560522850PE,0.00,0.00,0.00,53.45,0.00,53.45,24414.40,32.15,0,0,0,0.00,0,F1,75,,,,,
2025-05-07,2025-05-07,FO,NSE,IDO,40410,,NIFTY,,2025-06-05,2025-06-05,23400.00,PE,NIFTY2560523400PE,0.00,0.00,0.00,132.40,0.00,132.40,24414.40,93.10,0,0,0,0.00,0,F1,75,,,,,
2025-05-07,2025-05-07,FO,NSE,IDO,40438,,NIFTY,,2025-06-05,2025-06-05,24050.00,PE,NIFTY2560524050PE,311.20,311.20,311.20,311.20,311.20,331.00,24414.40,253.05,75,0,1,1827090.00,1,F1,75,,,,,
2025-05-07,2025-05-07,FO,NSE,IDO,40466,,NIFTY,,2025-06-05,2025-06-05,24450.00,PE,NIFTY2560524450PE,425.00,425.00,425.00,425.00,425.00,407.10,24414.40,416.35,150,75,1,1865625.00,1,F1,75,,,,,
2025-05-07,2025-05-07,FO,NSE,IDO,62121,,NIFTY,,2025-06-26,2025-06-26,21050.00,PE,NIFTY25JUN21050PE,0.00,0.00,0.00,34.10,0.00,34.10,24414.40,2.55,0,0,0,0.00,0,F1,75,,,,,
2025-05-07,2025-05-07,FO,NSE,IDO,62136,,NIFTY,,2025-06-26,2025-06-26,21300.00,PE,NIFTY25JUN21300PE,0.00,0.00,0.00,24.60,24.60,24.60,24414.40,4.55,225,0,0,0.00,0,F1,75,,,,,
2025-05-07,2025-05-07,FO,NSE,IDO,62318,,NIFTY,,2025-06-26,2025-06-26,23200.00,PE,NIFTY25JUN23200PE,233.50,237.30,198.55,215.20,212.45,233.45,24414.40,215.20,176250,-750,432,758693355.00,272,F1,75,,,,,
2025-05-07,2025-05-07,FO,NSE,IDO,62320,,NIFTY,,2025-06-26,2025-06-26,23250.00,PE,NIFTY25JUN23250PE,241.30,247.45,209.65,215.95,215.95,233.00,24414.40,138.85,5625,75,75,132057888.75,17,F1,75,,,,,
2025-05-07,2025-05-07,FO,NSE,IDO,62362,,NIFTY,,2025-06-26,2025-06-26,24250.00,PE,NIFTY25JUN24250PE,478.90,478.90,423.05,450.10,450.10,452.25,24414.40,426.35,22575,825,62,114819453.75,33,F1,75,,,,,
2025-05-07,2025-05-07,FO,NSE,IDO,62374,,NIFTY,,2025-06-26,2025-06-26,24450.00,PE,NIFTY25JUN24450PE,534.20,561.20,484.40,504.75,504.75,539.70,24414.40,512.90,32700,2250,69,129173872.50,37,F1,75,,,,,
2025-05-07,2025-05-07,FO,NSE,IDO,62408,,NIFTY,,2025-06-26,2025-06-26,25200.00,PE,NIFTY25JUN25200PE,914.00,922.20,841.00,896.00,896.00,899.00,24414.40,896.00,17475,3300,66,129168821.25,26,F1,75,,,,,
2025-05-07,2025-05-07,FO,NSE,IDO,62418,,NIFTY,,2025-06-26,2025-06-26,25400.00,PE,NIFTY25JUN25400PE,1040.00,1040.00,1013.10,1013.10,1013.10,977.00,24414.40,1062.65,1800,225,5,9912982.50,2,F1,75,,,,,
2025-05-07,2025-05-07,FO,NSE,IDO,55688,,NIFTY,,2025-07-31,2025-07-31,22650.00,PE,NIFTY25JUL22650PE,0.00,0.00,0.00,177.90,0.00,177.90,24414.40,124.95,0,0,0,0.00,0,F1,75,,,,,
2025-05-07,2025-05-07,FO,NSE,IDO,55696,,NIFTY,,2025-07-31,2025-07-31,22850.00,PE,NIFTY25JUL22850PE,0.00,0.00,0.00,214.85,0.00,214.85,24414.40,155.05,0,0,0,0.00,0,F1,75,,,,,
2025-05-07,2025-05-07,FO,NSE,IDO,55732,,NIFTY,,2025-07-31,2025-07-31,23400.00,PE,NIFTY25JUL23400PE,354.55,354.55,319.40,331.20,331.10,353.55,24414.40,331.20,7875,1875,31,55178490.00,15,F1,75,,,,,
2025-05-07,2025-05-07,FO,NSE,IDO,55752,,NIFTY,,2025-07-31,2025-07-31,23850.00,PE,NIFTY25JUL23850PE,427.70,452.65,427.70,432.40,432.45,600.00,24414.40,432.40,300,225,4,7285886.25,4,F1,75,,,,,
2025-05-07,2025-05-07,FO,NSE,IDO,55794,,NIFTY,,2025-07-31,2025-07-31,24850.00,PE,NIFTY25JUL24850PE,0.00,0.00,0.00,935.40,0.00,935.40,24414.40,814.50,0,0,0,0.00,0,F1,75,,,,,
2025-05-07,2025-05-07,FO,NSE,IDO,55802,,NIFTY,,2025-07-31,2025-07-31,25050.00,PE,NIFTY25JUL25050PE,865.30,865.30,865.30,865.30,865.30,1046.30,24414.40,865.30,75,75,1,1943647.50,1,F1,75,,,,,
2025-05-07,2025-05-07,FO,NSE,IDO,55812,,NIFTY,,2025-07-31,2025-07-31,25300.00,PE,NIFTY25JUL25300PE,0.00,0.00,0.00,1194.65,0.00,1194.65,24414.40,1067.15,0,0,0,0.00,0,F1,75,,,,,
2025-05-07,2025-05-07,FO,NSE,IDO,55820,,NIFTY,,2025-07-31,2025-07-31,25400.00,PE,NIFTY25JUL25400PE,0.00,0.00,0.00,1256.90,0.00,1256.90,24414.40,1128.45,0,0,0,0.00,0,F1,75,,,,,
2025-05-07,2025-05-07,FO,NSE,IDO,55826,,NIFTY,,2025-07-31,2025-07-31,25500.00,PE,NIFTY25JUL25500PE,1145.00,1145.00,1105.00,1132.95,1138.45,1147.50,24414.40,1132.95,20850,450,18,35950593.75,17,F1,75,,,,,
2025-05-07,2025-05-07,FO,NSE,IDO,55852,,NIFTY,,2025-07-31,2025-07-31,26050.00,PE,NIFTY25JUL26050PE,0.00,0.00,0.00,1700.00,0.00,1700.00,24414.40,1569.00,0,0,0,0.00,0,F1,75,,,,,
2025-05-07,2025-05-07,FO,NSE,IDO,64697,,NIFTY,,2025-09-25,2025-09-25,26000.00,PE,NIFTY25SEP26000PE,1450.00,1450.00,1311.85,1404.85,1411.85,1433.30,24414.40,1404.85,123225,3000,111,228149730.00,92,F1,75,,,,,
2025-05-07,2025-05-07,FO,NSE,IDO,64699,,NIFTY,,2025-09-25,2025-09-25,27000.00,PE,NIFTY25SEP27000PE,0.00,0.00,0.00,1168.15,0.00,1168.15,24414.40,2262.40,0,0,0,0.00,0,F1,75,,,,,
2025-05-07,2025-05-07,FO,NSE,IDO,37797,,NIFTY,,2025-12-24,2025-12-24,13000.00,PE,NIFTY25DEC13000PE,0.00,0.00,0.00,17.30,17.30,17.30,24414.40,0.00,4250,0,0,0.00,0,F1,75,,,,,
2025-05-07,2025-05-07,FO,NSE,IDO,35222,,NIFTY,,2025-12-24,2025-12-24,30000.00,PE,NIFTY25DEC30000PE,0.00,0.00,0.00,4200.00,4200.00,4200.00,24414.40,4528.30,900,0,0,0.00,0,F1,75,,,,,
2025-05-07,2025-05-07,FO,NSE,IDO,62921,,NIFTY,,2026-03-26,2026-03-26,22000.00,PE,NIFTY26MAR22000PE,0.00,0.00,0.00,346.60,0.00,346.60,24414.40,276.25,0,0,0,0.00,0,F1,75,,,,,
2025-05-07,2025-05-07,FO,NSE,IDO,37802,,NIFTY,,2026-06-25,2026-06-25,13000.00,PE,NIFTY26JUN13000PE,0.00,0.00,0.00,21.60,21.60,21.60,24414.40,0.05,200,0,0,0.00,0,F1,75,,,,,
2025-05-07,2025-05-07,FO,NSE,IDO,71477,,NIFTY,,2026-06-25,2026-06-25,26000.00,PE,NIFTY26JUN26000PE,0.00,0.00,0.00,6709.20,0.00,6709.20,24414.40,1572.05,0,0,0,0.00,0,F1,75,,,,,
2025-05-07,2025-05-07,FO,NSE,IDO,58631,,NIFTY,,2026-12-31,2026-12-31,13000.00,PE,NIFTY26DEC13000PE,0.00,0.00,0.00,20.05,20.05,20.05,24414.40,0.30,2025,0,0,0.00,0,F1,75,,,,,
2025-05-07,2025-05-07,FO,NSE,IDO,58649,,NIFTY,,2026-12-31,2026-12-31,22000.00,PE,NIFTY26DEC22000PE,505.00,505.00,505.00,505.00,505.00,514.00,24414.40,505.00,6175,75,1,1687875.00,1,F1,75,,,,,
2025-05-07,2025-05-07,FO,NSE,IDO,71559,,NIFTY,,2027-06-24,2027-06-24,23000.00,PE,NIFTY27JUN23000PE,0.00,0.00,0.00,4514.30,0.00,4514.30,24414.40,617.35,0,0,0,0.00,0,F1,75,,,,,
2025-05-07,2025-05-07,FO,NSE,IDO,50550,,NIFTY,,2027-06-24,2027-06-24,28000.00,PE,NIFTY27JUN28000PE,0.00,0.00,0.00,5959.35,0.00,5959.35,24414.40,2302.15,0,0,0,0.00,0,F1,75,,,,,
2025-05-07,2025-05-07,FO,NSE,IDO,61660,,NIFTY,,2029-12-27,2029-12-27,21000.00,PE,NIFTY29DEC21000PE,0.00,0.00,0.00,278.80,0.00,278.80,24414.40,331.70,0,0,0,0.00,0,F1,75,,,,,
2025-05-07,2025-05-07,FO,NSE,IDO,62165,,NIFTY,,2025-06-26,2025-06-26,21850.00,CE,NIFTY25JUN21850CE,0.00,0.00,0.00,2704.10,2704.10,2704.10,24414.40,2778.50,900,0,0,0.00,0,F1,75,,,,,
2025-05-07,2025-05-07,FO,NSE,IDO,38422,,NIFTY,,2025-05-08,2025-05-08,20750.00,CE,NIFTY2550820750CE,0.00,0.00,0.00,2643.20,0.00,2643.20,24414.40,3668.10,0,0,0,0.00,0,F1,75,,,,,
2025-05-07,2025-05-07,FO,NSE,IDO,38442,,NIFTY,,2025-05-08,2025-05-08,21250.00,CE,NIFTY2550821250CE,0.00,0.00,0.00,2154.15,0.00,2154.15,24414.40,3168.15,0,0,0,0.00,0,F1,75,,,,,
2025-05-07,2025-05-07,FO,NSE,IDO,38444,,NIFTY,,2025-05-08,2025-05-08,21300.00,CE,NIFTY2550821300CE,0.00,0.00,0.00,2105.85,0.00,2105.85,24414.40,3118.20,0,0,0,0.00,0,F1,75,,,,,
2025-05-07,2025-05-07,FO,NSE,IDO,38454,,NIFTY,,2025-05-08,2025-05-08,21550.00,CE,NIFTY2550821550CE,0.00,0.00,0.00,2494.40,2495.35,2494.40,24414.40,2868.25,825,0,0,0.00,0,F1,75,,,,,
2025-05-07,2025-05-07,FO,NSE,IDO,38462,,NIFTY,,2025-05-08,2025-05-08,21750.00,CE,NIFTY2550821750CE,0.00,0.00,0.00,2339.10,2302.20,2339.10,24414.40,2668.25,900,0,0,0.00,0,F1,75,,,,,
2025-05-07,2025-05-07,FO,NSE,IDO,38494,,NIFTY,,2025-05-08,2025-05-08,22500.00,CE,NIFTY2550822500CE,1883.50,1930.00,1800.00,1870.30,1876.55,1853.05,24414.40,1870.30,49125,-6225,269,491259093.75,188,F1,75,,,,,
2025-05-07,2025-05-07,FO,NSE,IDO,38514,,NIFTY,,2025-05-08,2025-05-08,22850.00,CE,NIFTY2550822850CE,1555.00,1555.00,1462.00,1500.00,1500.00,1537.00,24414.40,1568.45,900,-150,5,9133275.00,5,F1,75,,,,,
2025-05-07,2025-05-07,FO,NSE,IDO,38536,,NIFTY,,2025-05-08,2025-05-08,23150.00,CE,NIFTY2550823150CE,1227.30,1261.65,1185.40,1210.25,1210.25,1252.75,24414.40,1268.50,1800,-1575,43,78605962.50,24,F1,75,,,,,
2025-05-07,2025-05-07,FO,NSE,IDO,38574,,NIFTY,,2025-05-08,2025-05-08,23700.00,CE,NIFTY2550823700CE,555.00,765.10,555.00,675.75,691.05,672.50,24414.40,675.75,67200,-42300,1417,2590011446.25,902,F1,75,,,,,
2025-05-07,2025-05-07,FO,NSE,IDO,38608,,NIFTY,,2025-05-08,2025-05-08,24450.00,CE,NIFTY2550824450CE,18.00,93.40,15.00,28.60,24.95,36.20,24414.40,28.60,8078250,333450,5275435,9689458346212.50,2196060,F1,75,,,,,
2025-05-07,2025-05-07,FO,NSE,IDO,38610,,NIFTY,,2025-05-08,2025-05-08,24500.00,CE,NIFTY2550824500CE,19.65,68.00,10.25,19.30,17.00,24.40,24414.40,19.30,18590700,593025,6679610,12287581574276.25,2306524,F1,75,,,,,
2025-05-07,2025-05-07,FO,NSE,IDO,38644,,NIFTY,,2025-05-08,2025-05-08,25150.00,CE,NIFTY2550825150CE,2.00,2.25,1.05,1.50,1.20,2.10,24414.40,1.50,1900650,75900,228374,430798749067.50,50306,F1,75,,,,,
2025-05-07,2025-05-07,FO,NSE,IDO,46068,,NIFTY,,2025-05-15,2025-05-15,20700.00,CE,NIFTY2551520700CE,0.00,0.00,0.00,3417.25,3417.25,3417.25,24414.40,3743.65,75,0,0,0.00,0,F1,75,,,,,
2025-05-07,2025-05-07,FO,NSE,IDO,46094,,NIFTY,,2025-05-15,2025-05-15,21100.00,CE,NIFTY2551521100CE,3240.00,3240.00,3240.00,3240.00,3240.00,3025.10,24414.40,3344.25,150,75,1,1825500.00,1,F1,75,,,,,
2025-05-07,2025-05-07,FO,NSE,IDO,46103,,NIFTY,,2025-05-15,2025-05-15,21300.00,CE,NIFTY2551521300CE,3080.00,3080.00,3080.00,3080.00,3080.00,2792.55,24414.40,3144.50,300,75,1,1828500.00,1,F1,75,,,,,
2025-05-07,2025-05-07,FO,NSE,IDO,46208,,NIFTY,,2025-05-15,2025-05-15,23350.00,CE,NIFTY2551523350CE,1070.00,1103.40,1034.00,1084.85,1084.85,1175.95,24414.40,1084.85,10125,9600,135,247299802.50,120,F1,75,,,,,
2025-05-07,2025-05-07,FO,NSE,IDO,46210,,NIFTY,,2025-05-15,2025-05-15,23400.00,CE,NIFTY2551523400CE,1047.00,1109.20,977.05,1032.75,1038.00,1015.60,24414.40,1032.75,39750,19875,387,708981701.25,176,F1,75,,,,,
2025-05-07,2025-05-07,FO,NSE,IDO,46222,,NIFTY,,2025-05-15,2025-05-15,23650.00,CE,NIFTY2551523650CE,726.00,812.00,726.00,802.25,802.25,819.05,24414.40,822.95,2400,1800,41,75138255.00,19,F1,75,,,,,
2025-05-07,2025-05-07,FO,NSE,IDO,46270,,NIFTY,,2025-05-15,2025-05-15,24500.00,CE,NIFTY2551524500CE,115.75,217.00,105.60,171.25,174.00,152.70,24414.40,171.25,2417025,128550,150132,277768963987.50,90862,F1,75,,,,,
2025-05-07,2025-05-07,FO,NSE,IDO,46280,,NIFTY,,2025-05-15,2025-05-15,24750.00,CE,NIFTY2551524750CE,53.25,104.25,52.75,76.25,79.00,62.35,24414.40,76.25,246525,6975,27923,51986835022.50,19628,F1,75,,,,,
2025-05-07,2025-05-07,FO,NSE,IDO,46286,,NIFTY,,2025-05-15,2025-05-15,24900.00,CE,NIFTY2551524900CE,29.90,61.90,24.20,43.20,44.70,34.45,24414.40,43.20,781800,31650,70083,131102929260.00,40950,F1,75,,,,,
2025-05-07,2025-05-07,FO,NSE,IDO,46288,,NIFTY,,2025-05-15,2025-05-15,24950.00,CE,NIFTY2551524950CE,15.55,52.00,15.55,35.85,33.00,28.50,24414.40,35.85,193125,-16725,23885,44757225288.75,15758,F1,75,,,,,
2025-05-07,2025-05-07,FO,NSE,IDO,46302,,NIFTY,,2025-05-15,2025-05-15,25250.00,CE,NIFTY2551525250CE,8.15,17.70,5.40,11.15,11.60,9.05,24414.40,11.15,373500,50400,22350,42344933055.00,12358,F1,75,,,,,
2025-05-07,2025-05-07,FO,NSE,IDO,46306,,NIFTY,,2025-05-15,2025-05-15,25350.00,CE,NIFTY2551525350CE,6.00,12.95,4.00,7.80,7.85,7.20,24414.40,7.80,410700,121425,21989,41819919266.25,12730,F1,75,,,,,
2025-05-07,2025-05-07,FO,NSE,IDO,46322,,NIFTY,,2025-05-15,2025-05-15,25700.00,CE,NIFTY2551525700CE,2.25,4.45,2.20,2.55,2.60,3.25,24414.40,2.55,838125,174600,28567,55069160685.00,11658,F1,75,,,,,
2025-05-07,2025-05-07,FO,NSE,IDO,46328,,NIFTY,,2025-05-15,2025-05-15,25850.00,CE,NIFTY2551525850CE,2.95,3.70,1.85,2.05,2.10,2.95,24414.40,2.05,535500,480300,18303,35488465687.50,4907,F1,75,,,,,
2025-05-07,2025-05-07,FO,NSE,IDO,49111,,NIFTY,,2025-05-22,2025-05-22,22800.00,CE,NIFTY2552222800CE,1677.20,1678.10,1677.15,1677.55,1678.10,1660.00,24414.40,1677.55,450,375,5,9179077.50,5,F1,75,,,,,
2025-05-07,2025-05-07,FO,NSE,IDO,49125,,NIFTY,,2025-05-22,2025-05-22,23150.00,CE,NIFTY2552223150CE,1349.45,1350.75,1349.45,1349.90,1350.50,1283.10,24414.40,1349.90,675,600,8,14699943.75,8,F1,75,,,,,
2025-05-07,2025-05-07,FO,NSE,IDO,49153,,NIFTY,,2025-05-22,2025-05-22,23600.00,CE,NIFTY2552223600CE,906.85,999.80,882.00,883.10,883.10,906.85,24414.40,935.70,14700,2550,81,148974892.50,37,F1,75,,,,,
2025-05-07,2025-05-07,FO,NSE,IDO,49255,,NIFTY,,2025-05-22,2025-05-22,25050.00,CE,NIFTY2552225050CE,85.00,92.00,57.05,70.35,70.65,69.35,24414.40,70.35,5850,1125,303,570721770.00,234,F1,75,,,,,
2025-05-07,2025-05-07,FO,NSE,IDO,61387,,NIFTY,,2025-05-29,2025-05-29,21350.00,CE,NIFTY25MAY21350CE,0.00,0.00,0.00,3078.70,3079.55,3078.70,24414.40,3147.35,1500,0,0,0.00,0,F1,75,,,,,
2025-05-07,2025-05-07,FO,NSE,IDO,61509,,NIFTY,,2025-05-29,2025-05-29,22600.00,CE,NIFTY25MAY22600CE,0.00,0.00,0.00,1922.00,1922.00,1922.00,24414.40,1911.05,92025,0,0,0.00,0,F1,75,,,,,
2025-05-07,2025-05-07,FO,NSE,IDO,67787,,NIFTY,,2028-12-28,2028-12-28,26000.00,PE,NIFTY28DEC26000PE,0.00,0.00,0.00,1160.95,0.00,1160.95,24414.40,1264.25,0,0,0,0.00,0,F1,75,,,,,
2025-05-07,2025-05-07,FO,NSE,IDO,67781,,NIFTY,,2028-12-28,2028-12-28,23000.00,PE,NIFTY28DEC23000PE,0.00,0.00,0.00,800.00,800.00,800.00,24414.40,612.30,2925,0,0,0.00,0,F1,75,,,,,
2025-05-07,2025-05-07,FO,NSE,IDO,67769,,NIFTY,,2028-12-28,2028-12-28,17000.00,PE,NIFTY28DEC17000PE,0.00,0.00,0.00,66.15,0.00,66.15,24414.40,64.65,0,0,0,0.00,0,F1,75,,,,,
2025-05-07,2025-05-07,FO,NSE,IDO,71561,,NIFTY,,2027-06-24,2027-06-24,24000.00,PE,NIFTY27JUN24000PE,0.00,0.00,0.00,5056.20,0.00,5056.20,24414.40,850.75,0,0,0,0.00,0,F1,75,,,,,
2025-05-07,2025-05-07,FO,NSE,IDO,58635,,NIFTY,,2026-12-31,2026-12-31,15000.00,PE,NIFTY26DEC15000PE,0.00,0.00,0.00,25.05,25.05,25.05,24414.40,3.25,1400,0,0,0.00,0,F1,75,,,,,
2025-05-07,2025-05-07,FO,NSE,IDO,58633,,NIFTY,,2026-12-31,2026-12-31,14000.00,PE,NIFTY26DEC14000PE,0.00,0.00,0.00,21.30,21.30,21.30,24414.40,1.05,1700,0,0,0.00,0,F1,75,,,,,
2025-05-07,2025-05-07,FO,NSE,IDO,50546,,NIFTY,,2026-06-25,2026-06-25,28000.00,PE,NIFTY26JUN28000PE,0.00,0.00,0.00,6532.55,0.00,6532.55,24414.40,2663.55,0,0,0,0.00,0,F1,75,,,,,
2025-05-07,2025-05-07,FO,NSE,IDO,62915,,NIFTY,,2026-03-26,2026-03-26,19000.00,PE,NIFTY26MAR19000PE,0.00,0.00,0.00,42.60,0.00,42.60,24414.40,30.85,0,0,0,0.00,0,F1,75,,,,,
2025-05-07,2025-05-07,FO,NSE,IDO,50544,,NIFTY,,2025-12-24,2025-12-24,28000.00,PE,NIFTY25DEC28000PE,2700.00,2700.00,2645.60,2653.00,2660.00,2715.25,24414.40,2653.00,343550,-300,66,151736441.25,61,F1,75,,,,,
2025-05-07,2025-05-07,FO,NSE,IDO,71394,,NIFTY,,2025-12-24,2025-12-24,24000.00,PE,NIFTY25DEC24000PE,770.00,770.00,619.95,642.35,640.00,666.10,24414.40,642.35,1851050,36800,2380,4399323255.00,1838,F1,75,,,,,
2025-05-07,2025-05-07,FO,NSE,IDO,45874,,NIFTY,,2025-12-24,2025-12-24,17000.00,PE,NIFTY25DEC17000PE,57.85,57.85,41.45,43.50,43.50,52.95,24414.40,0.95,34650,825,16,20460963.75,14,F1,75,,,,,
2025-05-07,2025-05-07,FO,NSE,IDO,64703,,NIFTY,,2025-09-25,2025-09-25,29000.00,PE,NIFTY25SEP29000PE,0.00,0.00,0.00,2125.30,0.00,2125.30,24414.40,3944.70,0,0,0,0.00,0,F1,75,,,,,
2025-05-07,2025-05-07,FO,NSE,IDO,64701,,NIFTY,,2025-09-25,2025-09-25,28000.00,PE,NIFTY25SEP28000PE,0.00,0.00,0.00,4400.00,4400.00,4400.00,24414.40,3067.80,75,0,0,0.00,0,F1,75,,,,,
2025-05-07,2025-05-07,FO,NSE,IDO,64681,,NIFTY,,2025-09-25,2025-09-25,18000.00,PE,NIFTY25SEP18000PE,0.00,0.00,0.00,3.05,0.00,3.05,24414.40,0.45,0,0,0,0.00,0,F1,75,,,,,
2025-05-07,2025-05-07,FO,NSE,IDO,55804,,NIFTY,,2025-07-31,2025-07-31,25100.00,PE,NIFTY25JUL25100PE,0.00,0.00,0.00,1075.10,0.00,1075.10,24414.40,950.10,0,0,0,0.00,0,F1,75,,,,,
2025-05-07,2025-05-07,FO,NSE,IDO,55778,,NIFTY,,2025-07-31,2025-07-31,24450.00,PE,NIFTY25JUL24450PE,601.50,610.45,601.50,610.30,610.45,591.40,24414.40,610.30,525,225,5,9396952.50,5,F1,75,,,,,
2025-05-07,2025-05-07,FO,NSE,IDO,55728,,NIFTY,,2025-07-31,2025-07-31,23300.00,PE,NIFTY25JUL23300PE,328.95,342.90,303.95,321.05,321.05,331.70,24414.40,242.90,6900,-150,20,35430967.50,17,F1,75,,,,,
2025-05-07,2025-05-07,FO,NSE,IDO,55724,,NIFTY,,2025-07-31,2025-07-31,23200.00,PE,NIFTY25JUL23200PE,292.40,303.00,292.40,292.40,292.40,312.15,24414.40,220.80,6750,975,18,31724456.25,18,F1,75,,,,,
2025-05-07,2025-05-07,FO,NSE,IDO,38151,,NIFTY,,2025-06-26,2025-06-26,29000.00,PE,NIFTY25JUN29000PE,4370.00,4465.00,4333.00,4375.15,4375.15,4393.30,24414.40,4375.15,252075,1275,48,120228457.50,25,F1,75,,,,,
2025-05-07,2025-05-07,FO,NSE,IDO,62446,,NIFTY,,2025-06-26,2025-06-26,26050.00,PE,NIFTY25JUN26050PE,1532.50,1532.50,1532.50,1532.50,1532.50,1582.95,24414.40,1532.50,225,75,1,2068687.50,1,F1,75,,,,,
2025-05-07,2025-05-07,FO,NSE,IDO,62406,,NIFTY,,2025-06-26,2025-06-26,25150.00,PE,NIFTY25JUN25150PE,864.10,864.10,864.10,864.10,864.10,803.25,24414.40,864.10,225,0,1,1951057.50,1,F1,75,,,,,
2025-05-07,2025-05-07,FO,NSE,IDO,62402,,NIFTY,,2025-06-26,2025-06-26,25100.00,PE,NIFTY25JUN25100PE,854.00,883.05,810.55,832.15,832.15,808.25,24414.40,865.10,5475,-600,91,177035591.25,38,F1,75,,,,,
2025-05-07,2025-05-07,FO,NSE,IDO,62392,,NIFTY,,2025-06-26,2025-06-26,24800.00,PE,NIFTY25JUN24800PE,695.70,713.65,625.00,669.25,666.00,697.90,24414.40,669.25,35700,4275,284,542426876.25,163,F1,75,,,,,
2025-05-07,2025-05-07,FO,NSE,IDO,62376,,NIFTY,,2025-06-26,2025-06-26,24500.00,PE,NIFTY25JUN24500PE,600.00,608.55,500.00,541.10,536.40,563.45,24414.40,541.10,1036950,125700,8451,15871329622.50,5428,F1,75,,,,,
2025-05-07,2025-05-07,FO,NSE,IDO,62196,,NIFTY,,2025-06-26,2025-06-26,22400.00,PE,NIFTY25JUN22400PE,125.00,142.90,117.30,127.95,124.85,139.85,24414.40,127.95,86175,2475,188,317683383.75,83,F1,75,,,,,
2025-05-07,2025-05-07,FO,NSE,IDO,62188,,NIFTY,,2025-06-26,2025-06-26,22200.00,PE,NIFTY25JUN22200PE,120.45,129.55,104.95,114.35,111.10,120.45,24414.40,114.35,143250,1350,552,923791125.00,294,F1,75,,,,,
2025-05-07,2025-05-07,FO,NSE,IDO,40468,,NIFTY,,2025-06-05,2025-06-05,24500.00,PE,NIFTY2560524500PE,462.60,480.00,412.00,443.00,439.70,463.55,24414.40,443.00,13950,1725,84,157152180.00,59,F1,75,,,,,
2025-05-07,2025-05-07,FO,NSE,IDO,40448,,NIFTY,,2025-06-05,2025-06-05,24200.00,PE,NIFTY2560524200PE,369.10,372.75,307.30,338.55,334.15,343.20,24414.40,338.55,9975,-225,23,42329133.75,21,F1,75,,,,,
2025-05-07,2025-05-07,FO,NSE,IDO,40416,,NIFTY,,2025-06-05,2025-06-05,23550.00,PE,NIFTY2560523550PE,0.00,0.00,0.00,164.70,0.00,164.70,24414.40,120.00,0,0,0,0.00,0,F1,75,,,,,
2025-05-07,2025-05-07,FO,NSE,IDO,40400,,NIFTY,,2025-06-05,2025-06-05,23200.00,PE,NIFTY2560523200PE,0.00,0.00,0.00,97.15,0.00,97.15,24414.40,64.80,0,0,0,0.00,0,F1,75,,,,,
2025-05-07,2025-05-07,FO,NSE,IDO,40386,,NIFTY,,2025-06-05,2025-06-05,22900.00,PE,NIFTY2560522900PE,0.00,0.00,0.00,58.50,0.00,58.50,24414.40,35.70,0,0,0,0.00,0,F1,75,,,,,
2025-05-07,2025-05-07,FO,NSE,IDO,40362,,NIFTY,,2025-06-05,2025-06-05,22650.00,PE,NIFTY2560522650PE,0.00,0.00,0.00,36.75,0.00,36.75,24414.40,20.65,0,0,0,0.00,0,F1,75,,,,,
2025-05-07,2025-05-07,FO,NSE,IDO,61684,,NIFTY,,2025-05-29,2025-05-29,24500.00,PE,NIFTY25MAY24500PE,445.55,486.30,362.65,399.15,393.15,414.65,24414.40,399.15,3045150,-225000,64575,120599869451.25,40761,F1,75,,,,,
2025-05-07,2025-05-07,FO,NSE,IDO,61682,,NIFTY,,2025-05-29,2025-05-29,24450.00,PE,NIFTY25MAY24450PE,403.00,426.60,344.10,378.30,376.45,395.80,24414.40,378.30,222900,2250,6782,12630657581.25,4128,F1,75,,,,,
2025-05-07,2025-05-07,FO,NSE,IDO,61536,,NIFTY,,2025-05-29,2025-05-29,23250.00,PE,NIFTY25MAY23250PE,130.00,136.65,101.95,113.05,111.30,123.45,24414.40,113.05,27075,-6975,561,983191301.25,312,F1,75,,,,,
2025-05-07,2025-05-07,FO,NSE,IDO,61524,,NIFTY,,2025-05-29,2025-05-29,22950.00,PE,NIFTY25MAY22950PE,101.05,106.10,78.40,88.50,86.85,98.55,24414.40,88.50,38700,16050,776,1340868225.00,450,F1,75,,,,,
2025-05-07,2025-05-07,FO,NSE,IDO,61516,,NIFTY,,2025-05-29,2025-05-29,22750.00,PE,NIFTY25MAY22750PE,84.45,91.05,65.95,74.90,74.30,83.35,24414.40,74.90,22875,2850,204,349289051.25,95,F1,75,,,,,
2025-05-07,2025-05-07,FO,NSE,IDO,61514,,NIFTY,,2025-05-29,2025-05-29,22700.00,PE,NIFTY25MAY22700PE,83.15,88.50,63.55,72.80,70.05,78.70,24414.40,72.80,356550,9225,4275,7302801716.25,2722,F1,75,,,,,
2025-05-07,2025-05-07,FO,NSE,IDO,61504,,NIFTY,,2025-05-29,2025-05-29,22450.00,PE,NIFTY25MAY22450PE,72.00,75.80,55.85,60.70,59.15,68.25,24414.40,60.70,21375,2325,425,717599842.50,207,F1,75,,,,,
2025-05-07,2025-05-07,FO,NSE,IDO,61344,,NIFTY,,2025-05-29,2025-05-29,20800.00,PE,NIFTY25MAY20800PE,23.00,26.30,18.70,20.45,19.10,21.55,24414.40,20.45,66525,-7425,545,851074788.75,391,F1,75,,,,,
2025-05-07,2025-05-07,FO,NSE,IDO,61330,,NIFTY,,2025-05-29,2025-05-29,20500.00,PE,NIFTY25MAY20500PE,27.80,27.90,16.25,17.75,16.60,18.60,24414.40,17.75,2667225,10875,8530,13126973561.25,4538,F1,75,,,,,
2025-05-07,2025-05-07,FO,NSE,IDO,49327,,NIFTY,,2025-05-22,2025-05-22,25950.00,PE,NIFTY2552225950PE,0.00,0.00,0.00,1976.10,0.00,1976.10,24414.40,1482.00,0,0,0,0.00,0,F1,75,,,,,
2025-05-07,2025-05-07,FO,NSE,IDO,49272,,NIFTY,,2025-05-22,2025-05-22,25250.00,PE,NIFTY2552225250PE,0.00,0.00,0.00,1347.50,0.00,1347.50,24414.40,851.75,0,0,0,0.00,0,F1,75,,,,,
2025-05-07,2025-05-07,FO,NSE,IDO,49225,,NIFTY,,2025-05-22,2025-05-22,24800.00,PE,NIFTY2552224800PE,530.80,565.00,471.50,511.10,510.00,526.55,24414.40,511.10,6900,2175,162,307549065.00,133,F1,75,,,,,
2025-05-07,2025-05-07,FO,NSE,IDO,49209,,NIFTY,,2025-05-22,2025-05-22,24550.00,PE,NIFTY2552224550PE,375.00,394.45,339.45,370.85,366.55,378.15,24414.40,370.85,5100,-1275,175,327079492.50,91,F1,75,,,,,
2025-05-07,2025-05-07,FO,NSE,IDO,49150,,NIFTY,,2025-05-22,2025-05-22,23500.00,PE,NIFTY2552223500PE,124.95,137.45,86.45,102.30,97.70,103.80,24414.40,102.30,367650,126450,9007,15946054642.50,6544,F1,75,,,,,
2025-05-07,2025-05-07,FO,NSE,IDO,49116,,NIFTY,,2025-05-22,2025-05-22,22900.00,PE,NIFTY2552222900PE,0.00,0.00,0.00,75.00,75.00,75.00,24414.40,7.60,75,0,0,0.00,0,F1,75,,,,,
2025-05-07,2025-05-07,FO,NSE,IDO,49104,,NIFTY,,2025-05-22,2025-05-22,22600.00,PE,NIFTY2552222600PE,0.00,0.00,0.00,66.00,0.00,66.00,24414.40,2.55,0,0,0,0.00,0,F1,75,,,,,
2025-05-07,2025-05-07,FO,NSE,IDO,46273,,NIFTY,,2025-05-15,2025-05-15,24550.00,PE,NIFTY2551524550PE,359.95,359.95,265.35,304.85,298.20,303.55,24414.40,304.85,70050,-21900,7879,14686399398.75,5946,F1,75,,,,,
2025-05-07,2025-05-07,FO,NSE,IDO,46265,,NIFTY,,2025-05-15,2025-05-15,24350.00,PE,NIFTY2551524350PE,250.65,265.65,183.55,211.65,204.05,211.30,24414.40,211.65,540750,235275,65453,120584391630.00,42574,F1,75,,,,,
2025-05-07,2025-05-07,FO,NSE,IDO,46246,,NIFTY,,2025-05-15,2025-05-15,24000.00,PE,NIFTY2551524000PE,145.00,160.00,97.70,116.80,111.15,112.40,24414.40,116.80,2223225,279900,158967,287537667821.25,88769,F1,75,,,,,
2025-05-07,2025-05-07,FO,NSE,IDO,46223,,NIFTY,,2025-05-15,2025-05-15,23650.00,PE,NIFTY2551523650PE,80.05,85.95,56.40,68.80,63.80,66.70,24414.40,68.80,166200,45225,6238,11097400372.50,3979,F1,75,,,,,
2025-05-07,2025-05-07,FO,NSE,IDO,46219,,NIFTY,,2025-05-15,2025-05-15,23550.00,PE,NIFTY2551523550PE,75.80,81.00,48.45,59.40,57.00,59.95,24414.40,59.40,637200,536775,21146,37445076525.00,9589,F1,75,,,,,
2025-05-07,2025-05-07,FO,NSE,IDO,46190,,NIFTY,,2025-05-15,2025-05-15,22950.00,PE,NIFTY2551522950PE,40.15,42.35,26.00,30.60,29.35,30.55,24414.40,30.60,45675,-109125,8199,14131027387.50,4027,F1,75,,,,,
2025-05-07,2025-05-07,FO,NSE,IDO,46147,,NIFTY,,2025-05-15,2025-05-15,22100.00,PE,NIFTY2551522100PE,20.00,25.00,11.75,13.15,12.40,14.55,24414.40,13.15,65625,28725,8048,13349356680.00,5876,F1,75,,,,,
2025-05-07,2025-05-07,FO,NSE,IDO,46131,,NIFTY,,2025-05-15,2025-05-15,21800.00,PE,NIFTY2551521800PE,12.00,25.00,9.35,10.55,9.60,11.55,24414.40,10.55,92850,29850,7135,11673047820.00,4545,F1,75,,,,,
2025-05-07,2025-05-07,FO,NSE,IDO,46125,,NIFTY,,2025-05-15,2025-05-15,21650.00,PE,NIFTY2551521650PE,13.50,19.55,8.55,9.45,9.70,10.45,24414.40,9.45,7725,-450,2524,4100857668.75,1597,F1,75,,,,,
2025-05-07,2025-05-07,FO,NSE,IDO,46115,,NIFTY,,2025-05-15,2025-05-15,21400.00,PE,NIFTY2551521400PE,9.00,20.95,7.10,7.95,8.00,9.00,24414.40,7.95,51900,29100,3349,5377668195.00,2128,F1,75,,,,,
2025-05-07,2025-05-07,FO,NSE,IDO,38633,,NIFTY,,2025-05-08,2025-05-08,24850.00,PE,NIFTY2550824850PE,500.95,554.50,415.00,486.60,479.90,488.35,24414.40,486.60,18450,150,989,1879585117.50,820,F1,75,,,,,
2025-05-07,2025-05-07,FO,NSE,IDO,38624,,NIFTY,,2025-05-08,2025-05-08,24650.00,PE,NIFTY2550824650PE,386.25,386.40,228.45,296.30,277.55,306.90,24414.40,296.30,130050,-63225,40653,76051129646.25,29078,F1,75,,,,,
2025-05-07,2025-05-07,FO,NSE,IDO,38603,,NIFTY,,2025-05-08,2025-05-08,24300.00,PE,NIFTY2550824300PE,90.00,115.00,31.15,42.95,31.70,61.50,24414.40,42.95,12867675,5083650,5790305,10576914564161.25,2709744,F1,75,,,,,
2025-05-07,2025-05-07,FO,NSE,IDO,38581,,NIFTY,,2025-05-08,2025-05-08,23800.00,PE,NIFTY2550823800PE,25.00,34.70,12.75,16.95,13.05,20.50,24414.40,16.95,3351300,154800,686773,1226874588356.25,287116,F1,75,,,,,
2025-05-07,2025-05-07,FO,NSE,IDO,38578,,NIFTY,,2025-05-08,2025-05-08,23750.00,PE,NIFTY2550823750PE,25.00,35.00,12.00,16.05,12.40,19.30,24414.40,16.05,592800,-60300,257864,459669971835.00,127522,F1,75,,,,,
2025-05-07,2025-05-07,FO,NSE,IDO,38543,,NIFTY,,2025-05-08,2025-05-08,23300.00,PE,NIFTY2550823300PE,30.00,30.00,7.20,9.40,7.75,12.80,24414.40,9.40,3275625,1081050,396955,694010857417.50,143739,F1,75,,,,,
2025-05-07,2025-05-07,FO,NSE,IDO,38539,,NIFTY,,2025-05-08,2025-05-08,23200.00,PE,NIFTY2550823200PE,15.30,16.00,6.45,8.35,6.50,11.55,24414.40,8.35,3752700,1602975,380129,661705142636.25,135695,F1,75,,,,,
2025-05-07,2025-05-07,FO,NSE,IDO,38537,,NIFTY,,2025-05-08,2025-05-08,23150.00,PE,NIFTY2550823150PE,11.15,15.10,6.20,7.85,6.25,11.15,24414.40,7.85,791250,326625,150294,261053184506.25,59332,F1,75,,,,,
2025-05-07,2025-05-07,FO,NSE,IDO,61402,,NIFTY,,2029-12-27,2029-12-27,19000.00,CE,NIFTY29DEC19000CE,0.00,0.00,0.00,10714.60,0.00,10714.60,24414.40,10665.60,0,0,0,0.00,0,F1,75,,,,,
2025-05-07,2025-05-07,FO,NSE,IDO,89634,,NIFTY,,2029-06-28,2029-06-28,26000.00,CE,NIFTY29JUN26000CE,0.00,0.00,0.00,7052.20,0.00,7052.20,24414.40,5915.50,0,0,0,0.00,0,F1,75,,,,,
2025-05-07,2025-05-07,FO,NSE,IDO,67780,,NIFTY,,2028-12-28,2028-12-28,23000.00,CE,NIFTY28DEC23000CE,0.00,0.00,0.00,6377.60,0.00,6377.60,24414.40,7012.25,0,0,0,0.00,0,F1,75,,,,,
2025-05-07,2025-05-07,FO,NSE,IDO,86161,,NIFTY,,2028-06-29,2028-06-29,26000.00,CE,NIFTY28JUN26000CE,0.00,0.00,0.00,3200.90,0.00,3200.90,24414.40,4690.85,0,0,0,0.00,0,F1,75,,,,,
2025-05-07,2025-05-07,FO,NSE,IDO,86145,,NIFTY,,2028-06-29,2028-06-29,21000.00,CE,NIFTY28JUN21000CE,0.00,0.00,0.00,5226.55,0.00,5226.55,24414.40,7736.05,0,0,0,0.00,0,F1,75,,,,,
2025-05-07,2025-05-07,FO,NSE,IDO,86143,,NIFTY,,2028-06-29,2028-06-29,20000.00,CE,NIFTY28JUN20000CE,0.00,0.00,0.00,5724.65,0.00,5724.65,24414.40,8443.80,0,0,0,0.00,0,F1,75,,,,,
2025-05-07,2025-05-07,FO,NSE,IDO,71551,,NIFTY,,2027-06-24,2027-06-24,20000.00,CE,NIFTY27JUN20000CE,0.00,0.00,0.00,3367.05,0.00,3367.05,24414.40,7261.40,0,0,0,0.00,0,F1,75,,,,,
2025-05-07,2025-05-07,FO,NSE,IDO,71505,,NIFTY,,2026-12-31,2026-12-31,26000.00,CE,NIFTY26DEC26000CE,2150.00,2150.00,2150.00,2150.00,2150.00,2116.95,24414.40,2150.00,5025,75,6,12667500.00,5,F1,75,,,,,
2025-05-07,2025-05-07,FO,NSE,IDO,50973,,NIFTY,,2026-06-25,2026-06-25,27000.00,CE,NIFTY26JUN27000CE,0.00,0.00,0.00,1352.80,0.00,1352.80,24414.40,1470.80,0,0,0,0.00,0,F1,75,,,,,
2025-05-07,2025-05-07,FO,NSE,IDO,71474,,NIFTY,,2026-06-25,2026-06-25,25000.00,CE,NIFTY26JUN25000CE,0.00,0.00,0.00,1900.00,1900.00,1900.00,24414.40,2386.85,75,0,0,0.00,0,F1,75,,,,,
2025-05-07,2025-05-07,FO,NSE,IDO,58622,,NIFTY,,2025-12-24,2025-12-24,22000.00,CE,NIFTY25DEC22000CE,3390.20,3525.00,3390.15,3477.85,3494.90,3432.15,24414.40,3477.85,288025,-1725,74,141399948.75,72,F1,75,,,,,
2025-05-07,2025-05-07,FO,NSE,IDO,51451,,NIFTY,,2025-12-24,2025-12-24,21000.00,CE,NIFTY25DEC21000CE,4385.95,4385.95,4232.00,4352.05,4352.05,4299.05,24414.40,4384.25,105575,225,54,102539115.00,38,F1,75,,,,,
2025-05-07,2025-05-07,FO,NSE,IDO,49177,,NIFTY,,2025-12-24,2025-12-24,16000.00,CE,NIFTY25DEC16000CE,0.00,0.00,0.00,7785.00,7785.00,7785.00,24414.40,9078.85,125,0,0,0.00,0,F1,75,,,,,
2025-05-07,2025-05-07,FO,NSE,IDO,64680,,NIFTY,,2025-09-25,2025-09-25,18000.00,CE,NIFTY25SEP18000CE,0.00,0.00,0.00,9482.90,0.00,9482.90,24414.40,6874.75,0,0,0,0.00,0,F1,75,,,,,
2025-05-07,2025-05-07,FO,NSE,IDO,64678,,NIFTY,,2025-09-25,2025-09-25,17000.00,CE,NIFTY25SEP17000CE,0.00,0.00,0.00,10410.55,0.00,10410.55,24414.40,7848.80,0,0,0,0.00,0,F1,75,,,,,
2025-05-07,2025-05-07,FO,NSE,IDO,55833,,NIFTY,,2025-07-31,2025-07-31,25650.00,CE,NIFTY25JUL25650CE,0.00,0.00,0.00,477.75,0.00,477.75,24414.40,451.00,0,0,0,0.00,0,F1,75,,,,,
2025-05-07,2025-05-07,FO,NSE,IDO,55789,,NIFTY,,2025-07-31,2025-07-31,24750.00,CE,NIFTY25JUL24750CE,711.55,711.55,685.85,692.70,692.70,674.50,24414.40,692.70,450,150,3,5725507.50,3,F1,75,,,,,
2025-05-07,2025-05-07,FO,NSE,IDO,55749,,NIFTY,,2025-07-31,2025-07-31,23800.00,CE,NIFTY25JUL23800CE,1318.25,1318.25,1318.25,1318.25,1318.25,1346.00,24414.40,1318.25,75,75,1,1883868.75,1,F1,75,,,,,
2025-05-07,2025-05-07,FO,NSE,IDO,55745,,NIFTY,,2025-07-31,2025-07-31,23700.00,CE,NIFTY25JUL23700CE,1370.00,1396.40,1370.00,1396.40,1396.40,1450.00,24414.40,1428.85,1650,1500,23,43274632.50,14,F1,75,,,,,
2025-05-07,2025-05-07,FO,NSE,IDO,55743,,NIFTY,,2025-07-31,2025-07-31,23650.00,CE,NIFTY25JUL23650CE,0.00,0.00,0.00,1443.00,0.00,1443.00,24414.40,1463.45,0,0,0,0.00,0,F1,75,,,,,
2025-05-07,2025-05-07,FO,NSE,IDO,55687,,NIFTY,,2025-07-31,2025-07-31,22650.00,CE,NIFTY25JUL22650CE,0.00,0.00,0.00,2182.00,0.00,2182.00,24414.40,2240.00,0,0,0,0.00,0,F1,75,,,,,
2025-05-07,2025-05-07,FO,NSE,IDO,55683,,NIFTY,,2025-07-31,2025-07-31,22550.00,CE,NIFTY25JUL22550CE,0.00,0.00,0.00,2263.60,0.00,2263.60,24414.40,2325.20,0,0,0,0.00,0,F1,75,,,,,
2025-05-07,2025-05-07,FO,NSE,IDO,62397,,NIFTY,,2025-06-26,2025-06-26,24950.00,CE,NIFTY25JUN24950CE,382.95,397.55,349.60,370.20,370.20,409.00,24414.40,466.70,11250,825,72,136696383.75,14,F1,75,,,,,
2025-05-07,2025-05-07,FO,NSE,IDO,62395,,NIFTY,,2025-06-26,2025-06-26,24900.00,CE,NIFTY25JUN24900CE,402.05,440.10,373.00,399.85,398.80,392.25,24414.40,399.85,44625,-150,429,813986703.75,207,F1,75,,,,,
2025-05-07,2025-05-07,FO,NSE,IDO,62379,,NIFTY,,2025-06-26,2025-06-26,24600.00,CE,NIFTY25JUN24600CE,542.00,600.25,518.95,553.55,557.00,542.60,24414.40,553.55,62100,1875,475,896045640.00,311,F1,75,,,,,
2025-05-07,2025-05-07,FO,NSE,IDO,62377,,NIFTY,,2025-06-26,2025-06-26,24550.00,CE,NIFTY25JUN24550CE,560.00,593.55,558.85,582.90,579.85,571.50,24414.40,582.90,20775,3450,115,216757046.25,34,F1,75,,,,,
2025-05-07,2025-05-07,FO,NSE,IDO,62361,,NIFTY,,2025-06-26,2025-06-26,24250.00,CE,NIFTY25JUN24250CE,755.00,783.80,755.00,757.80,757.80,770.00,24414.40,757.80,6525,-225,6,11258872.50,5,F1,75,,,,,
2025-05-07,2025-05-07,FO,NSE,IDO,62257,,NIFTY,,2025-06-26,2025-06-26,22900.00,CE,NIFTY25JUN22900CE,1826.80,1845.00,1825.00,1845.00,1845.00,1870.50,24414.40,1809.35,1500,0,4,7419885.00,4,F1,75,,,,,
2025-05-07,2025-05-07,FO,NSE,IDO,62195,,NIFTY,,2025-06-26,2025-06-26,22400.00,CE,NIFTY25JUN22400CE,2282.00,2282.00,2255.75,2255.75,2255.75,2001.00,24414.40,2255.75,1800,-150,5,9250863.75,4,F1,75,,,,,
2025-05-07,2025-05-07,FO,NSE,IDO,62193,,NIFTY,,2025-06-26,2025-06-26,22350.00,CE,NIFTY25JUN22350CE,0.00,0.00,0.00,2273.55,2273.55,2273.55,24414.40,2304.65,825,0,0,0.00,0,F1,75,,,,,
2025-05-07,2025-05-07,FO,NSE,IDO,61525,,NIFTY,,2025-05-29,2025-05-29,23000.00,CE,NIFTY25MAY23000CE,1475.00,1620.00,1455.05,1545.30,1550.00,1526.85,24414.40,1545.30,1215450,2700,843,1551397113.75,521,F1,75,,,,,
2025-05-07,2025-05-07,FO,NSE,IDO,61727,,NIFTY,,2025-05-29,2025-05-29,24850.00,CE,NIFTY25MAY24850CE,181.65,233.20,166.45,192.70,195.90,186.60,24414.40,192.70,119250,6900,1366,2565342780.00,807,F1,75,,,,,
2025-05-07,2025-05-07,FO,NSE,IDO,61769,,NIFTY,,2025-05-29,2025-05-29,25350.00,CE,NIFTY25MAY25350CE,63.40,85.05,53.50,64.25,67.45,62.50,24414.40,64.25,124125,-11925,1325,2525459351.25,842,F1,75,,,,,
2025-05-07,2025-05-07,FO,NSE,IDO,61771,,NIFTY,,2025-05-29,2025-05-29,25400.00,CE,NIFTY25MAY25400CE,50.00,75.00,44.85,56.30,56.55,55.10,24414.40,56.30,644400,-40950,13901,26540368372.50,8366,F1,75,,,,,
2025-05-07,2025-05-07,FO,NSE,IDO,40361,,NIFTY,,2025-06-05,2025-06-05,22650.00,CE,NIFTY2560522650CE,0.00,0.00,0.00,1866.65,0.00,1866.65,24414.40,1900.80,0,0,0,0.00,0,F1,75,,,,,
2025-05-07,2025-05-07,FO,NSE,IDO,40373,,NIFTY,,2025-06-05,2025-06-05,22750.00,CE,NIFTY2560522750CE,0.00,0.00,0.00,1775.00,0.00,1775.00,24414.40,1806.55,0,0,0,0.00,0,F1,75,,,,,
2025-05-07,2025-05-07,FO,NSE,IDO,40417,,NIFTY,,2025-06-05,2025-06-05,23600.00,CE,NIFTY2560523600CE,0.00,0.00,0.00,1062.70,0.00,1062.70,24414.40,1065.25,0,0,0,0.00,0,F1,75,,,,,
2025-05-07,2025-05-07,FO,NSE,IDO,40473,,NIFTY,,2025-06-05,2025-06-05,24650.00,CE,NIFTY2560524650CE,342.25,344.80,329.10,329.10,329.10,446.30,24414.40,408.70,1650,75,7,13118775.00,4,F1,75,,,,,
2025-05-07,2025-05-07,FO,NSE,IDO,40485,,NIFTY,,2025-06-05,2025-06-05,24850.00,CE,NIFTY2560524850CE,271.30,271.30,237.00,256.00,256.00,266.15,24414.40,325.25,450,225,9,16945113.75,9,F1,75,,,,,
2025-05-07,2025-05-07,FO,NSE,IDO,40489,,NIFTY,,2025-06-05,2025-06-05,24950.00,CE,NIFTY2560524950CE,0.00,0.00,0.00,317.45,0.00,317.45,24414.40,288.45,0,0,0,0.00,0,F1,75,,,,,
2025-05-07,2025-05-07,FO,NSE,IDO,40493,,NIFTY,,2025-06-05,2025-06-05,25050.00,CE,NIFTY2560525050CE,0.00,0.00,0.00,283.90,0.00,283.90,24414.40,254.75,0,0,0,0.00,0,F1,75,,,,,
2025-05-07,2025-05-07,FO,NSE,IDO,62081,,NIFTY,,2025-06-26,2025-06-26,20800.00,CE,NIFTY25JUN20800CE,0.00,0.00,0.00,3720.05,3720.05,3720.05,24414.40,3805.80,300,0,0,0.00,0,F1,75,,,,,
2025-05-07,2025-05-07,FO,NSE,IDO,62143,,NIFTY,,2025-06-26,2025-06-26,21500.00,CE,NIFTY25JUN21500CE,3169.00,3169.00,3107.05,3107.05,3107.05,3103.70,24414.40,3107.05,12600,150,6,11088273.75,6,F1,75,,,,,
2025-05-07,2025-05-07,FO,NSE,IDO,62166,,NIFTY,,2025-06-26,2025-06-26,21850.00,PE,NIFTY25JUN21850PE,0.00,0.00,0.00,159.95,159.95,159.95,24414.40,14.45,1800,0,0,0.00,0,F1,75,,,,,
2025-05-07,2025-05-07,FO,NSE,IDO,62156,,NIFTY,,2025-06-26,2025-06-26,21650.00,PE,NIFTY25JUN21650PE,0.00,0.00,0.00,368.75,368.75,368.75,24414.40,9.65,7275,0,0,0.00,0,F1,75,,,,,
2025-05-07,2025-05-07,FO,NSE,IDO,62134,,NIFTY,,2025-06-26,2025-06-26,21250.00,PE,NIFTY25JUN21250PE,0.00,0.00,0.00,45.50,0.00,45.50,24414.40,4.05,0,0,0,0.00,0,F1,75,,,,,
2025-05-07,2025-05-07,FO,NSE,IDO,62074,,NIFTY,,2025-06-26,2025-06-26,20650.00,PE,NIFTY25JUN20650PE,0.00,0.00,0.00,18.35,0.00,18.35,24414.40,0.95,0,0,0,0.00,0,F1,75,,,,,
2025-05-07,2025-05-07,FO,NSE,IDO,62072,,NIFTY,,2025-06-26,2025-06-26,20600.00,PE,NIFTY25JUN20600PE,0.00,0.00,0.00,41.05,41.05,41.05,24414.40,0.80,150,0,0,0.00,0,F1,75,,,,,
2025-05-07,2025-05-07,FO,NSE,IDO,40091,,NIFTY,,2025-06-26,2025-06-26,15000.00,PE,NIFTY25JUN15000PE,7.00,9.00,6.15,6.90,7.00,7.00,24414.40,6.90,25600,-450,71,79911555.00,40,F1,75,,,,,
2025-05-07,2025-05-07,FO,NSE,IDO,40514,,NIFTY,,2025-06-05,2025-06-05,25400.00,PE,NIFTY2560525400PE,0.00,0.00,0.00,1089.70,0.00,1089.70,24414.40,1015.70,0,0,0,0.00,0,F1,75,,,,,
2025-05-07,2025-05-07,FO,NSE,IDO,40492,,NIFTY,,2025-06-05,2025-06-05,25000.00,PE,NIFTY2560525000PE,730.00,850.00,675.75,688.40,703.05,738.05,24414.40,688.40,1275,-750,28,53980125.00,17,F1,75,,,,,
2025-05-07,2025-05-07,FO,NSE,IDO,40434,,NIFTY,,2025-06-05,2025-06-05,23950.00,PE,NIFTY2560523950PE,0.00,0.00,0.00,279.05,0.00,279.05,24414.40,220.45,0,0,0,0.00,0,F1,75,,,,,
2025-05-07,2025-05-07,FO,NSE,IDF,57133,,NIFTY,,2025-05-29,2025-05-29,,,NIFTY25MAYFUT,24343.90,24538.50,24311.00,24461.40,24472.00,24431.40,24414.40,24461.40,13159275,-368625,99826,183087997732.50,59305,F1,75,,,,,
2025-05-07,2025-05-07,FO,NSE,IDF,53216,,NIFTY,,2025-07-31,2025-07-31,,,NIFTY25JULFUT,24556.70,24777.90,24556.70,24707.40,24711.20,24672.10,24414.40,24707.40,267900,27675,1903,3524222857.50,1353,F1,75,,,,,
2025-05-07,2025-05-07,FO,NSE,IDO,38458,,NIFTY,,2025-05-08,2025-05-08,21650.00,CE,NIFTY2550821650CE,0.00,0.00,0.00,2396.35,2396.35,2396.35,24414.40,2768.25,525,0,0,0.00,0,F1,75,,,,,
2025-05-07,2025-05-07,FO,NSE,IDO,38502,,NIFTY,,2025-05-08,2025-05-08,22600.00,CE,NIFTY2550822600CE,1777.60,1818.00,1710.00,1764.00,1764.00,1764.20,24414.40,1764.00,7125,-4125,84,153462596.25,62,F1,75,,,,,
2025-05-07,2025-05-07,FO,NSE,IDO,38526,,NIFTY,,2025-05-08,2025-05-08,23000.00,CE,NIFTY2550823000CE,1345.00,1435.50,1305.00,1370.30,1380.85,1361.40,24414.40,1370.30,134025,-75075,1493,2727739185.00,787,F1,75,,,,,
2025-05-07,2025-05-07,FO,NSE,IDO,38588,,NIFTY,,2025-05-08,2025-05-08,24000.00,CE,NIFTY2550824000CE,300.00,477.05,277.45,387.40,395.90,377.95,24414.40,387.40,1812600,-394425,92117,168475459815.00,52383,F1,75,,,,,
2025-05-07,2025-05-07,FO,NSE,IDO,38652,,NIFTY,,2025-05-08,2025-05-08,25350.00,CE,NIFTY2550825350CE,1.50,1.65,0.85,1.20,0.95,1.55,24414.40,1.20,1632450,73350,146933,279370651533.75,32059,F1,75,,,,,
2025-05-07,2025-05-07,FO,NSE,IDO,46074,,NIFTY,,2025-05-15,2025-05-15,20850.00,CE,NIFTY2551520850CE,0.00,0.00,0.00,3266.15,3266.15,3266.15,24414.40,3593.85,75,0,0,0.00,0,F1,75,,,,,
2025-05-07,2025-05-07,FO,NSE,IDO,46090,,NIFTY,,2025-05-15,2025-05-15,21000.00,CE,NIFTY2551521000CE,3410.00,3410.00,3395.00,3395.00,3395.00,3127.10,24414.40,3444.10,225,75,2,3660375.00,2,F1,75,,,,,
2025-05-07,2025-05-07,FO,NSE,IDO,46114,,NIFTY,,2025-05-15,2025-05-15,21400.00,CE,NIFTY2551521400CE,2977.15,3009.05,2960.00,3009.05,3009.05,2736.20,24414.40,3009.05,225,75,3,5485965.00,3,F1,75,,,,,
2025-05-07,2025-05-07,FO,NSE,IDO,46143,,NIFTY,,2025-05-15,2025-05-15,22050.00,CE,NIFTY2551522050CE,2361.60,2361.60,2361.60,2361.60,2361.60,2483.05,24414.40,2361.60,450,0,1,1830870.00,1,F1,75,,,,,
2025-05-07,2025-05-07,FO,NSE,IDO,46174,,NIFTY,,2025-05-15,2025-05-15,22750.00,CE,NIFTY2551522750CE,1665.00,1665.00,1663.00,1663.00,1663.00,1775.00,24414.40,1696.90,1800,0,2,3662100.00,2,F1,75,,,,,
2025-05-07,2025-05-07,FO,NSE,IDO,46194,,NIFTY,,2025-05-15,2025-05-15,23050.00,CE,NIFTY2551523050CE,1368.40,1368.75,1368.40,1368.75,1368.75,1383.00,24414.40,1398.75,750,150,2,3662786.25,2,F1,75,,,,,
2025-05-07,2025-05-07,FO,NSE,IDO,46218,,NIFTY,,2025-05-15,2025-05-15,23550.00,CE,NIFTY2551523550CE,858.00,894.05,845.15,891.55,889.00,875.75,24414.40,891.55,9750,150,15,27472080.00,8,F1,75,,,,,
2025-05-07,2025-05-07,FO,NSE,IDO,46226,,NIFTY,,2025-05-15,2025-05-15,23700.00,CE,NIFTY2551523700CE,729.85,826.00,704.80,763.80,769.65,738.25,24414.40,763.80,75900,26250,804,1475003808.75,404,F1,75,,,,,
2025-05-07,2025-05-07,FO,NSE,IDO,46245,,NIFTY,,2025-05-15,2025-05-15,24000.00,CE,NIFTY2551524000CE,465.00,575.00,424.25,507.30,511.80,486.10,24414.40,507.30,342600,49275,10616,19507200266.25,6552,F1,75,,,,,
2025-05-07,2025-05-07,FO,NSE,IDO,46254,,NIFTY,,2025-05-15,2025-05-15,24100.00,CE,NIFTY2551524100CE,365.00,492.25,365.00,427.70,436.45,406.20,24414.40,427.70,86700,17700,3574,6573562192.50,2857,F1,75,,,,,
2025-05-07,2025-05-07,FO,NSE,IDO,46300,,NIFTY,,2025-05-15,2025-05-15,25200.00,CE,NIFTY2551525200CE,6.05,20.80,6.00,13.35,13.75,10.60,24414.40,13.35,1365450,6000,68754,130014160027.50,38987,F1,75,,,,,
2025-05-07,2025-05-07,FO,NSE,IDO,46316,,NIFTY,,2025-05-15,2025-05-15,25550.00,CE,NIFTY2551525550CE,4.00,6.45,3.20,3.80,3.70,4.10,24414.40,3.80,633900,121725,16912,32412907845.00,9593,F1,75,,,,,
2025-05-07,2025-05-07,FO,NSE,IDO,46332,,NIFTY,,2025-05-15,2025-05-15,25900.00,CE,NIFTY2551525900CE,2.55,3.50,1.85,2.10,2.05,2.80,24414.40,2.10,1059825,718950,43136,83799766391.25,12856,F1,75,,,,,
2025-05-07,2025-05-07,FO,NSE,IDO,49089,,NIFTY,,2025-05-22,2025-05-22,22300.00,CE,NIFTY2552222300CE,0.00,0.00,0.00,2098.05,2098.05,2098.05,24414.40,2174.20,75,0,0,0.00,0,F1,75,,,,,
2025-05-07,2025-05-07,FO,NSE,IDO,49145,,NIFTY,,2025-05-22,2025-05-22,23400.00,CE,NIFTY2552223400CE,1140.00,1140.00,1095.85,1095.85,1095.85,1182.05,24414.40,1111.45,1500,1350,19,34966188.75,9,F1,75,,,,,
2025-05-07,2025-05-07,FO,NSE,IDO,49208,,NIFTY,,2025-05-22,2025-05-22,24550.00,CE,NIFTY2552224550CE,228.50,282.75,216.95,247.25,248.30,235.50,24414.40,247.25,14325,4575,434,806913378.75,248,F1,75,,,,,
2025-05-07,2025-05-07,FO,NSE,IDO,49265,,NIFTY,,2025-05-22,2025-05-22,25200.00,CE,NIFTY2552225200CE,42.00,62.30,26.05,45.55,48.00,42.45,24414.40,45.55,108825,40050,3521,6666373590.00,2603,F1,75,,,,,
2025-05-07,2025-05-07,FO,NSE,IDO,49298,,NIFTY,,2025-05-22,2025-05-22,25450.00,CE,NIFTY2552225450CE,27.95,27.95,18.00,23.55,23.25,20.85,24414.40,23.55,10050,-525,108,206322903.75,59,F1,75,,,,,
2025-05-07,2025-05-07,FO,NSE,IDO,49302,,NIFTY,,2025-05-22,2025-05-22,25550.00,CE,NIFTY2552225550CE,34.35,34.35,15.90,17.65,17.35,62.00,24414.40,17.65,6450,6450,152,291477465.00,52,F1,75,,,,,
2025-05-07,2025-05-07,FO,NSE,IDO,49306,,NIFTY,,2025-05-22,2025-05-22,25650.00,CE,NIFTY2552225650CE,15.30,18.00,13.00,13.60,13.80,13.95,24414.40,13.60,5100,1275,151,290644440.00,48,F1,75,,,,,
2025-05-07,2025-05-07,FO,NSE,IDO,49330,,NIFTY,,2025-05-22,2025-05-22,26050.00,CE,NIFTY2552226050CE,5.85,9.60,5.85,6.60,6.90,7.05,24414.40,6.60,16500,1425,351,685961115.00,100,F1,75,,,,,
2025-05-07,2025-05-07,FO,NSE,IDO,61335,,NIFTY,,2025-05-29,2025-05-29,20650.00,CE,NIFTY25MAY20650CE,0.00,0.00,0.00,3512.45,3512.45,3512.45,24414.40,3844.55,1425,0,0,0.00,0,F1,75,,,,,
2025-05-07,2025-05-07,FO,NSE,IDO,61469,,NIFTY,,2025-05-29,2025-05-29,21750.00,CE,NIFTY25MAY21750CE,0.00,0.00,0.00,2653.60,2653.60,2653.60,24414.40,2749.35,1950,0,0,0.00,0,F1,75,,,,,
2025-05-07,2025-05-07,FO,NSE,IDO,61471,,NIFTY,,2025-05-29,2025-05-29,21800.00,CE,NIFTY25MAY21800CE,2689.70,2690.60,2689.70,2690.60,2690.60,2693.95,24414.40,2699.65,6525,75,3,5510257.50,3,F1,75,,,,,
2025-05-07,2025-05-07,FO,NSE,IDO,61483,,NIFTY,,2025-05-29,2025-05-29,21950.00,CE,NIFTY25MAY21950CE,0.00,0.00,0.00,2482.95,2482.95,2482.95,24414.40,2550.65,2025,0,0,0.00,0,F1,75,,,,,
2025-05-07,2025-05-07,FO,NSE,IDO,61663,,NIFTY,,2025-05-29,2025-05-29,24000.00,CE,NIFTY25MAY24000CE,649.95,767.00,620.25,694.90,705.00,684.90,24414.40,694.90,2994075,-38925,12433,23025952653.75,8252,F1,75,,,,,
2025-05-07,2025-05-07,FO,NSE,IDO,61675,,NIFTY,,2025-05-29,2025-05-29,24300.00,CE,NIFTY25MAY24300CE,406.85,549.00,406.85,484.20,490.00,473.25,24414.40,484.20,990600,-80925,14522,26991994087.50,10551,F1,75,,,,,
2025-05-07,2025-05-07,FO,NSE,IDO,61759,,NIFTY,,2025-05-29,2025-05-29,25100.00,CE,NIFTY25MAY25100CE,104.95,145.50,95.70,113.10,113.40,110.00,24414.40,113.10,311100,-14700,10978,20758750020.00,7552,F1,75,,,,,
2025-05-07,2025-05-07,FO,NSE,IDO,61765,,NIFTY,,2025-05-29,2025-05-29,25250.00,CE,NIFTY25MAY25250CE,75.65,105.85,67.00,80.50,82.15,77.95,24414.40,80.50,87375,3300,2494,4737653441.25,1793,F1,75,,,,,
2025-05-07,2025-05-07,FO,NSE,IDO,61777,,NIFTY,,2025-05-29,2025-05-29,25500.00,CE,NIFTY25MAY25500CE,31.90,60.00,31.90,44.10,44.15,42.90,24414.40,44.10,2633025,105825,41611,79721398815.00,21737,F1,75,,,,,
2025-05-07,2025-05-07,FO,NSE,IDO,61791,,NIFTY,,2025-05-29,2025-05-29,25800.00,CE,NIFTY25MAY25800CE,20.80,31.35,17.40,23.85,24.00,22.65,24414.40,23.85,514275,50175,7796,15099357510.00,4210,F1,75,,,,,
2025-05-07,2025-05-07,FO,NSE,IDO,61793,,NIFTY,,2025-05-29,2025-05-29,25850.00,CE,NIFTY25MAY25850CE,22.80,27.40,20.00,21.85,21.80,20.70,24414.40,21.85,54600,6975,448,869320323.75,197,F1,75,,,,,
2025-05-07,2025-05-07,FO,NSE,IDO,40385,,NIFTY,,2025-06-05,2025-06-05,22900.00,CE,NIFTY2560522900CE,0.00,0.00,0.00,1640.00,0.00,1640.00,24414.40,1667.15,0,0,0,0.00,0,F1,75,,,,,
2025-05-07,2025-05-07,FO,NSE,IDO,40397,,NIFTY,,2025-06-05,2025-06-05,23150.00,CE,NIFTY2560523150CE,0.00,0.00,0.00,1422.70,0.00,1422.70,24414.40,1441.70,0,0,0,0.00,0,F1,75,,,,,
2025-05-07,2025-05-07,FO,NSE,IDO,40415,,NIFTY,,2025-06-05,2025-06-05,23550.00,CE,NIFTY2560523550CE,0.00,0.00,0.00,1100.40,0.00,1100.40,24414.40,1104.80,0,0,0,0.00,0,F1,75,,,,,
2025-05-07,2025-05-07,FO,NSE,IDO,40425,,NIFTY,,2025-06-05,2025-06-05,23750.00,CE,NIFTY2560523750CE,0.00,0.00,0.00,953.30,0.00,953.30,24414.40,950.50,0,0,0,0.00,0,F1,75,,,,,
2025-05-07,2025-05-07,FO,NSE,IDO,40531,,NIFTY,,2025-06-05,2025-06-05,25800.00,CE,NIFTY2560525800CE,0.00,0.00,0.00,110.70,0.00,110.70,24414.40,88.20,0,0,0,0.00,0,F1,75,,,,,
2025-05-07,2025-05-07,FO,NSE,IDO,62061,,NIFTY,,2025-06-26,2025-06-26,20400.00,CE,NIFTY25JUN20400CE,0.00,0.00,0.00,4103.90,4103.90,4103.90,24414.40,4201.25,300,0,0,0.00,0,F1,75,,,,,
2025-05-07,2025-05-07,FO,NSE,IDO,62105,,NIFTY,,2025-06-26,2025-06-26,21050.00,CE,NIFTY25JUN21050CE,0.00,0.00,0.00,3481.35,3481.35,3481.35,24414.40,3559.25,300,0,0,0.00,0,F1,75,,,,,
2025-05-07,2025-05-07,FO,NSE,IDO,62133,,NIFTY,,2025-06-26,2025-06-26,21250.00,CE,NIFTY25JUN21250CE,0.00,0.00,0.00,3291.00,3291.00,3291.00,24414.40,3362.60,300,0,0,0.00,0,F1,75,,,,,
2025-05-07,2025-05-07,FO,NSE,IDO,62145,,NIFTY,,2025-06-26,2025-06-26,21550.00,CE,NIFTY25JUN21550CE,0.00,0.00,0.00,3014.30,3014.30,3014.30,24414.40,3069.15,900,0,0,0.00,0,F1,75,,,,,
2025-05-07,2025-05-07,FO,NSE,IDO,62161,,NIFTY,,2025-06-26,2025-06-26,21750.00,CE,NIFTY25JUN21750CE,0.00,0.00,0.00,2825.10,2825.10,2825.10,24414.40,2874.95,825,0,0,0.00,0,F1,75,,,,,
2025-05-07,2025-05-07,FO,NSE,IDO,62163,,NIFTY,,2025-06-26,2025-06-26,21800.00,CE,NIFTY25JUN21800CE,0.00,0.00,0.00,2855.00,2855.00,2855.00,24414.40,2826.65,825,0,0,0.00,0,F1,75,,,,,
2025-05-07,2025-05-07,FO,NSE,IDO,62173,,NIFTY,,2025-06-26,2025-06-26,22050.00,CE,NIFTY25JUN22050CE,0.00,0.00,0.00,2548.65,2548.65,2548.65,24414.40,2587.00,1200,0,0,0.00,0,F1,75,,,,,
2025-05-07,2025-05-07,FO,NSE,IDO,62199,,NIFTY,,2025-06-26,2025-06-26,22500.00,CE,NIFTY25JUN22500CE,2211.30,2229.30,2130.75,2180.90,2180.90,2158.85,24414.40,2180.90,165000,0,51,94344888.75,50,F1,75,,,,,
2025-05-07,2025-05-07,FO,NSE,IDO,62259,,NIFTY,,2025-06-26,2025-06-26,22950.00,CE,NIFTY25JUN22950CE,0.00,0.00,0.00,1576.10,1576.10,1576.10,24414.40,1766.20,900,0,0,0.00,0,F1,75,,,,,
2025-05-07,2025-05-07,FO,NSE,IDO,62345,,NIFTY,,2025-06-26,2025-06-26,23850.00,CE,NIFTY25JUN23850CE,1031.90,1107.95,1030.65,1035.25,1035.25,1101.80,24414.40,1035.25,8175,4575,101,188778840.00,69,F1,75,,,,,
2025-05-07,2025-05-07,FO,NSE,IDO,62359,,NIFTY,,2025-06-26,2025-06-26,24200.00,CE,NIFTY25JUN24200CE,790.90,859.50,760.00,802.70,806.10,790.90,24414.40,802.70,39000,2250,280,525047118.75,187,F1,75,,,,,
2025-05-07,2025-05-07,FO,NSE,IDO,62387,,NIFTY,,2025-06-26,2025-06-26,24800.00,CE,NIFTY25JUN24800CE,428.45,487.65,412.65,449.20,450.45,439.45,24414.40,449.20,78375,5550,932,1764458662.50,612,F1,75,,,,,
2025-05-07,2025-05-07,FO,NSE,IDO,62401,,NIFTY,,2025-06-26,2025-06-26,25100.00,CE,NIFTY25JUN25100CE,317.45,349.80,286.10,314.80,316.70,309.35,24414.40,314.80,83100,-3600,368,701407117.50,168,F1,75,,,,,
2025-05-07,2025-05-07,FO,NSE,IDO,62415,,NIFTY,,2025-06-26,2025-06-26,25350.00,CE,NIFTY25JUN25350CE,234.40,234.40,204.70,219.25,219.25,221.35,24414.40,324.30,14775,375,51,97801275.00,15,F1,75,,,,,
2025-05-07,2025-05-07,FO,NSE,IDO,35219,,NIFTY,,2025-06-26,2025-06-26,30000.00,CE,NIFTY25JUN30000CE,8.25,8.80,8.20,8.35,8.50,8.20,24414.40,8.35,2223450,6225,529,1190585025.00,154,F1,75,,,,,
2025-05-07,2025-05-07,FO,NSE,IDO,55753,,NIFTY,,2025-07-31,2025-07-31,23900.00,CE,NIFTY25JUL23900CE,1234.95,1234.95,1234.95,1234.95,1234.95,916.85,24414.40,1234.95,450,0,1,1885121.25,1,F1,75,,,,,
2025-05-07,2025-05-07,FO,NSE,IDO,55791,,NIFTY,,2025-07-31,2025-07-31,24800.00,CE,NIFTY25JUL24800CE,625.00,665.00,625.00,665.00,665.00,665.00,24414.40,787.15,900,75,4,7634625.00,3,F1,75,,,,,
2025-05-07,2025-05-07,FO,NSE,IDO,55805,,NIFTY,,2025-07-31,2025-07-31,25150.00,CE,NIFTY25JUL25150CE,0.00,0.00,0.00,653.40,0.00,653.40,24414.40,632.40,0,0,0,0.00,0,F1,75,,,,,
2025-05-07,2025-05-07,FO,NSE,IDO,64684,,NIFTY,,2025-09-25,2025-09-25,20000.00,CE,NIFTY25SEP20000CE,0.00,0.00,0.00,3501.35,3501.35,3501.35,24414.40,4937.85,300,0,0,0.00,0,F1,75,,,,,
2025-05-07,2025-05-07,FO,NSE,IDO,64688,,NIFTY,,2025-09-25,2025-09-25,22000.00,CE,NIFTY25SEP22000CE,3135.25,3135.25,3080.75,3100.00,3100.00,3085.00,24414.40,3100.00,44625,-2625,57,107318493.75,34,F1,75,,,,,
2025-05-07,2025-05-07,FO,NSE,IDO,64696,,NIFTY,,2025-09-25,2025-09-25,26000.00,CE,NIFTY25SEP26000CE,416.65,474.95,415.60,448.05,452.95,437.55,24414.40,448.05,440175,19725,1540,3053752811.25,1228,F1,75,,,,,
2025-05-07,2025-05-07,FO,NSE,IDO,45873,,NIFTY,,2025-12-24,2025-12-24,17000.00,CE,NIFTY25DEC17000CE,0.00,0.00,0.00,7010.00,7010.00,7010.00,24414.40,8121.10,700,0,0,0.00,0,F1,75,,,,,
2025-05-07,2025-05-07,FO,NSE,IDO,35221,,NIFTY,,2025-12-24,2025-12-24,30000.00,CE,NIFTY25DEC30000CE,66.25,67.85,62.00,67.40,67.85,66.60,24414.40,67.40,102575,-225,230,518613397.50,82,F1,75,,,,,
2025-05-07,2025-05-07,FO,NSE,IDO,42129,,NIFTY,,2025-12-24,2025-12-24,31000.00,CE,NIFTY25DEC31000CE,35.20,42.45,35.15,41.85,42.00,40.95,24414.40,41.85,85750,75,176,409732267.50,93,F1,75,,,,,
2025-05-07,2025-05-07,FO,NSE,IDO,58624,,NIFTY,,2026-06-25,2026-06-25,12000.00,CE,NIFTY26JUN12000CE,0.00,0.00,0.00,8690.00,8690.00,8690.00,24414.40,13292.55,50,0,0,0.00,0,F1,75,,,,,
2025-05-07,2025-05-07,FO,NSE,IDO,39989,,NIFTY,,2026-06-25,2026-06-25,19000.00,CE,NIFTY26JUN19000CE,0.00,0.00,0.00,5792.00,5792.00,5792.00,24414.40,6854.00,100,0,0,0.00,0,F1,75,,,,,
2025-05-07,2025-05-07,FO,NSE,IDO,53613,,NIFTY,,2027-12-30,2027-12-30,21000.00,CE,NIFTY27DEC21000CE,0.00,0.00,0.00,4902.40,0.00,4902.40,24414.40,7144.90,0,0,0,0.00,0,F1,75,,,,,
2025-05-07,2025-05-07,FO,NSE,IDO,53631,,NIFTY,,2027-12-30,2027-12-30,27000.00,CE,NIFTY27DEC27000CE,0.00,0.00,0.00,2889.80,0.00,2889.80,24414.40,3555.15,0,0,0,0.00,0,F1,75,,,,,
2025-05-07,2025-05-07,FO,NSE,IDO,86151,,NIFTY,,2028-06-29,2028-06-29,24000.00,CE,NIFTY28JUN24000CE,0.00,0.00,0.00,3918.85,0.00,3918.85,24414.40,5801.20,0,0,0,0.00,0,F1,75,,,,,
2025-05-07,2025-05-07,FO,NSE,IDO,67778,,NIFTY,,2028-12-28,2028-12-28,22000.00,CE,NIFTY28DEC22000CE,0.00,0.00,0.00,6932.45,0.00,6932.45,24414.40,7642.15,0,0,0,0.00,0,F1,75,,,,,
2025-05-07,2025-05-07,FO,NSE,IDO,67786,,NIFTY,,2028-12-28,2028-12-28,26000.00,CE,NIFTY28DEC26000CE,0.00,0.00,0.00,4879.70,0.00,4879.70,24414.40,5314.50,0,0,0,0.00,0,F1,75,,,,,
2025-05-07,2025-05-07,FO,NSE,IDO,61746,,NIFTY,,2029-12-27,2029-12-27,23000.00,CE,NIFTY29DEC23000CE,0.00,0.00,0.00,8286.75,0.00,8286.75,24414.40,8140.75,0,0,0,0.00,0,F1,75,,,,,
2025-05-07,2025-05-07,FO,NSE,IDO,38409,,NIFTY,,2025-05-08,2025-05-08,20400.00,PE,NIFTY2550820400PE,1.45,1.80,0.50,0.65,0.65,1.65,24414.40,0.65,4648200,-960150,588417,900322006016.25,80570,F1,75,,,,,
2025-05-07,2025-05-07,FO,NSE,IDO,38417,,NIFTY,,2025-05-08,2025-05-08,20600.00,PE,NIFTY2550820600PE,2.10,2.20,0.45,0.65,0.55,2.00,24414.40,0.65,814500,-321450,196210,303156292125.00,25933,F1,75,,,,,
2025-05-07,2025-05-07,FO,NSE,IDO,38429,,NIFTY,,2025-05-08,2025-05-08,20900.00,PE,NIFTY2550820900PE,2.35,2.95,0.55,0.75,0.60,2.35,24414.40,0.75,162525,-124875,38803,60827725530.00,8623,F1,75,,,,,
2025-05-07,2025-05-07,FO,NSE,IDO,38437,,NIFTY,,2025-05-08,2025-05-08,21100.00,PE,NIFTY2550821100PE,2.50,2.85,0.55,0.95,0.95,2.65,24414.40,0.95,372450,158025,48193,76270567702.50,12044,F1,75,,,,,
2025-05-07,2025-05-07,FO,NSE,IDO,38449,,NIFTY,,2025-05-08,2025-05-08,21400.00,PE,NIFTY2550821400PE,2.70,3.10,0.65,0.85,1.00,2.95,24414.40,0.85,264150,-179100,82166,131885631555.00,18232,F1,75,,,,,
2025-05-07,2025-05-07,FO,NSE,IDO,38474,,NIFTY,,2025-05-08,2025-05-08,22000.00,PE,NIFTY2550822000PE,3.80,4.40,1.05,1.25,1.35,4.20,24414.40,1.25,5264700,-1445550,731869,1207709181813.75,151016,F1,75,,,,,
2025-05-07,2025-05-07,FO,NSE,IDO,38541,,NIFTY,,2025-05-08,2025-05-08,23250.00,PE,NIFTY2550823250PE,14.55,16.80,6.90,8.85,7.00,12.35,24414.40,8.85,1067850,508875,139255,242937671516.25,51481,F1,75,,,,,
2025-05-07,2025-05-07,FO,NSE,IDO,38605,,NIFTY,,2025-05-08,2025-05-08,24350.00,PE,NIFTY2550824350PE,110.00,139.85,41.25,55.95,42.30,77.40,24414.40,55.95,7342875,3328275,5526980,10122678939236.25,2915457,F1,75,,,,,
2025-05-07,2025-05-07,FO,NSE,IDO,38637,,NIFTY,,2025-05-08,2025-05-08,24950.00,PE,NIFTY2550824950PE,617.40,656.10,509.35,588.75,582.55,602.20,24414.40,588.75,18075,-3075,355,680082656.25,246,F1,75,,,,,
2025-05-07,2025-05-07,FO,NSE,IDO,38639,,NIFTY,,2025-05-08,2025-05-08,25000.00,PE,NIFTY2550825000PE,730.00,730.00,559.10,633.75,622.10,650.85,24414.40,633.75,223500,-132825,13238,25458844953.75,6889,F1,75,,,,,
2025-05-07,2025-05-07,FO,NSE,IDO,38666,,NIFTY,,2025-05-08,2025-05-08,25650.00,PE,NIFTY2550825650PE,0.00,0.00,0.00,1302.05,1303.15,1302.05,24414.40,1231.10,1200,0,0,0.00,0,F1,75,,,,,
2025-05-07,2025-05-07,FO,NSE,IDO,38685,,NIFTY,,2025-05-08,2025-05-08,26100.00,PE,NIFTY2550826100PE,0.00,0.00,0.00,1828.70,1828.70,1828.70,24414.40,1681.00,4500,0,0,0.00,0,F1,75,,,,,
2025-05-07,2025-05-07,FO,NSE,IDO,38687,,NIFTY,,2025-05-08,2025-05-08,26150.00,PE,NIFTY2550826150PE,0.00,0.00,0.00,2727.80,0.00,2727.80,24414.40,1731.00,0,0,0,0.00,0,F1,75,,,,,
2025-05-07,2025-05-07,FO,NSE,IDO,46093,,NIFTY,,2025-05-15,2025-05-15,21050.00,PE,NIFTY2551521050PE,7.70,12.50,5.30,6.30,6.35,6.95,24414.40,6.30,29625,19725,2569,4057272600.00,1745,F1,75,,,,,
2025-05-07,2025-05-07,FO,NSE,IDO,46119,,NIFTY,,2025-05-15,2025-05-15,21500.00,PE,NIFTY2551521500PE,18.00,18.00,7.75,8.70,8.00,9.55,24414.40,8.70,389025,180150,17258,27842603550.00,9104,F1,75,,,,,
2025-05-07,2025-05-07,FO,NSE,IDO,46121,,NIFTY,,2025-05-15,2025-05-15,21550.00,PE,NIFTY2551521550PE,10.05,18.40,7.95,8.90,9.15,9.85,24414.40,8.90,9675,1500,853,1379421390.00,616,F1,75,,,,,
2025-05-07,2025-05-07,FO,NSE,IDO,46123,,NIFTY,,2025-05-15,2025-05-15,21600.00,PE,NIFTY2551521600PE,11.75,19.05,8.00,8.90,8.00,10.10,24414.40,8.90,53250,26325,4063,6585465783.75,2459,F1,75,,,,,
2025-05-07,2025-05-07,FO,NSE,IDO,46167,,NIFTY,,2025-05-15,2025-05-15,22550.00,PE,NIFTY2551522550PE,22.25,31.55,18.00,19.95,19.10,21.05,24414.40,19.95,27450,13725,2092,3541511617.50,1347,F1,75,,,,,
2025-05-07,2025-05-07,FO,NSE,IDO,46185,,NIFTY,,2025-05-15,2025-05-15,22850.00,PE,NIFTY2551522850PE,30.65,39.00,23.85,27.05,25.30,27.45,24414.40,27.05,35100,-3450,3595,6168455876.25,2342,F1,75,,,,,
2025-05-07,2025-05-07,FO,NSE,IDO,46199,,NIFTY,,2025-05-15,2025-05-15,23150.00,PE,NIFTY2551523150PE,43.00,50.45,30.75,36.65,34.55,36.90,24414.40,36.65,34200,-7050,2526,4392947827.50,1458,F1,75,,,,,
2025-05-07,2025-05-07,FO,NSE,IDO,46231,,NIFTY,,2025-05-15,2025-05-15,23800.00,PE,NIFTY2551523800PE,106.55,119.95,69.05,84.40,81.60,80.95,24414.40,84.40,2470725,1184025,82422,147652166711.25,44766,F1,75,,,,,
2025-05-07,2025-05-07,FO,NSE,IDO,46269,,NIFTY,,2025-05-15,2025-05-15,24450.00,PE,NIFTY2551524450PE,298.00,315.20,220.90,254.40,246.00,251.95,24414.40,254.40,209775,45450,26467,49036632941.25,18484,F1,75,,,,,
2025-05-07,2025-05-07,FO,NSE,IDO,46303,,NIFTY,,2025-05-15,2025-05-15,25250.00,PE,NIFTY2551525250PE,0.00,0.00,0.00,776.45,776.45,776.45,24414.40,828.15,6825,0,0,0.00,0,F1,75,,,,,
2025-05-07,2025-05-07,FO,NSE,IDO,46327,,NIFTY,,2025-05-15,2025-05-15,25800.00,PE,NIFTY2551525800PE,1410.60,1410.60,1410.60,1410.60,1410.60,1421.45,24414.40,1352.55,8775,75,1,2040795.00,1,F1,75,,,,,
2025-05-07,2025-05-07,FO,NSE,IDO,46339,,NIFTY,,2025-05-15,2025-05-15,26050.00,PE,NIFTY2551526050PE,1658.55,1658.55,1658.55,1658.55,1658.55,1551.20,24414.40,1599.90,300,75,1,2078141.25,1,F1,75,,,,,
2025-05-07,2025-05-07,FO,NSE,IDO,49120,,NIFTY,,2025-05-22,2025-05-22,23000.00,PE,NIFTY2552223000PE,80.05,90.00,51.40,60.70,59.00,62.90,24414.40,60.70,350700,130275,9640,16673349180.00,6958,F1,75,,,,,
2025-05-07,2025-05-07,FO,NSE,IDO,49157,,NIFTY,,2025-05-22,2025-05-22,23650.00,PE,NIFTY2552223650PE,0.00,0.00,0.00,321.90,0.00,321.90,24414.40,66.45,0,0,0,0.00,0,F1,75,,,,,
2025-05-07,2025-05-07,FO,NSE,IDO,49170,,NIFTY,,2025-05-22,2025-05-22,23800.00,PE,NIFTY2552223800PE,179.95,191.65,124.30,142.75,140.00,150.35,24414.40,142.75,94650,-3225,2287,4107230538.75,1439,F1,75,,,,,
2025-05-07,2025-05-07,FO,NSE,IDO,49187,,NIFTY,,2025-05-22,2025-05-22,24100.00,PE,NIFTY2552224100PE,222.60,240.00,184.35,206.95,201.45,215.70,24414.40,206.95,80925,52425,3053,5565513532.50,1931,F1,75,,,,,
2025-05-07,2025-05-07,FO,NSE,IDO,49263,,NIFTY,,2025-05-22,2025-05-22,25150.00,PE,NIFTY2552225150PE,0.00,0.00,0.00,618.30,618.30,618.30,24414.40,771.15,300,0,0,0.00,0,F1,75,,,,,
2025-05-07,2025-05-07,FO,NSE,IDO,49303,,NIFTY,,2025-05-22,2025-05-22,25550.00,PE,NIFTY2552225550PE,0.00,0.00,0.00,1608.95,0.00,1608.95,24414.40,1110.15,0,0,0,0.00,0,F1,75,,,,,
2025-05-07,2025-05-07,FO,NSE,IDO,49305,,NIFTY,,2025-05-22,2025-05-22,25600.00,PE,NIFTY2552225600PE,0.00,0.00,0.00,1653.80,0.00,1653.80,24414.40,1155.25,0,0,0,0.00,0,F1,75,,,,,
2025-05-07,2025-05-07,FO,NSE,IDO,49337,,NIFTY,,2025-05-22,2025-05-22,26150.00,PE,NIFTY2552226150PE,0.00,0.00,0.00,2165.30,0.00,2165.30,24414.40,1674.90,0,0,0,0.00,0,F1,75,,,,,
2025-05-07,2025-05-07,FO,NSE,IDO,61322,,NIFTY,,2025-05-29,2025-05-29,20350.00,PE,NIFTY25MAY20350PE,27.85,27.85,14.60,16.45,15.60,16.95,24414.40,16.45,563175,-15675,3529,5390605331.25,1805,F1,75,,,,,
2025-05-07,2025-05-07,FO,NSE,IDO,61326,,NIFTY,,2025-05-29,2025-05-29,20400.00,PE,NIFTY25MAY20400PE,18.50,21.50,15.45,17.75,15.80,17.55,24414.40,17.75,213300,-1200,1881,2880451413.75,1054,F1,75,,,,,
2025-05-07,2025-05-07,FO,NSE,IDO,61773,,NIFTY,,2029-12-27,2029-12-27,25000.00,PE,NIFTY29DEC25000PE,0.00,0.00,0.00,785.30,0.00,785.30,24414.40,919.45,0,0,0,0.00,0,F1,75,,,,,
2025-05-07,2025-05-07,FO,NSE,IDO,61749,,NIFTY,,2029-12-27,2029-12-27,24000.00,PE,NIFTY29DEC24000PE,0.00,0.00,0.00,625.50,0.00,625.50,24414.40,734.80,0,0,0,0.00,0,F1,75,,,,,
2025-05-07,2025-05-07,FO,NSE,IDO,61747,,NIFTY,,2029-12-27,2029-12-27,23000.00,PE,NIFTY29DEC23000PE,799.95,799.95,799.95,799.95,799.95,650.05,24414.40,799.95,1950,0,1,1784996.25,1,F1,75,,,,,
2025-05-07,2025-05-07,FO,NSE,IDO,61403,,NIFTY,,2029-12-27,2029-12-27,19000.00,PE,NIFTY29DEC19000PE,0.00,0.00,0.00,142.25,0.00,142.25,24414.40,170.85,0,0,0,0.00,0,F1,75,,,,,
2025-05-07,2025-05-07,FO,NSE,IDO,61354,,NIFTY,,2025-05-29,2025-05-29,20950.00,PE,NIFTY25MAY20950PE,24.80,28.90,17.60,21.50,20.80,24.45,24414.40,21.50,9525,-4275,220,346060166.25,176,F1,75,,,,,
2025-05-07,2025-05-07,FO,NSE,IDO,61396,,NIFTY,,2025-05-29,2025-05-29,21500.00,PE,NIFTY25MAY21500PE,42.50,42.50,29.45,31.00,29.90,33.80,24414.40,31.00,1708050,16350,9174,14816157798.75,4919,F1,75,,,,,
2025-05-07,2025-05-07,FO,NSE,IDO,61398,,NIFTY,,2025-05-29,2025-05-29,21550.00,PE,NIFTY25MAY21550PE,35.70,42.50,30.65,31.90,31.25,35.70,24414.40,31.90,5775,2175,199,322183968.75,97,F1,75,,,,,
2025-05-07,2025-05-07,FO,NSE,IDO,61484,,NIFTY,,2025-05-29,2025-05-29,21950.00,PE,NIFTY25MAY21950PE,45.85,55.10,39.65,42.55,40.80,47.30,24414.40,42.55,11025,-975,192,316734892.50,100,F1,75,,,,,
2025-05-07,2025-05-07,FO,NSE,IDO,61518,,NIFTY,,2025-05-29,2025-05-29,22800.00,PE,NIFTY25MAY22800PE,92.75,106.40,68.65,78.25,77.75,85.05,24414.40,78.25,540600,1050,6960,11944615882.50,4602,F1,75,,,,,
2025-05-07,2025-05-07,FO,NSE,IDO,61558,,NIFTY,,2025-05-29,2025-05-29,23800.00,PE,NIFTY25MAY23800PE,220.00,240.00,172.00,193.40,191.05,206.85,24414.40,193.40,1152750,-19350,16352,29429245188.75,10798,F1,75,,,,,
2025-05-07,2025-05-07,FO,NSE,IDO,61662,,NIFTY,,2025-05-29,2025-05-29,23950.00,PE,NIFTY25MAY23950PE,242.70,254.30,203.15,225.25,222.35,238.55,24414.40,225.25,65625,2925,955,1731698996.25,587,F1,75,,,,,
2025-05-07,2025-05-07,FO,NSE,IDO,61724,,NIFTY,,2025-05-29,2025-05-29,24750.00,PE,NIFTY25MAY24750PE,543.15,569.10,482.00,518.30,506.00,543.00,24414.40,518.30,26700,-1875,319,604525110.00,192,F1,75,,,,,
2025-05-07,2025-05-07,FO,NSE,IDO,61750,,NIFTY,,2025-05-29,2025-05-29,24850.00,PE,NIFTY25MAY24850PE,650.80,650.80,535.00,580.20,580.20,598.45,24414.40,580.20,26175,-2850,145,276513018.75,104,F1,75,,,,,
2025-05-07,2025-05-07,FO,NSE,IDO,61764,,NIFTY,,2025-05-29,2025-05-29,25200.00,PE,NIFTY25MAY25200PE,876.00,879.00,775.00,824.30,820.55,852.10,24414.40,824.30,59850,-375,257,501851917.50,128,F1,75,,,,,
2025-05-07,2025-05-07,FO,NSE,IDO,61774,,NIFTY,,2025-05-29,2025-05-29,25400.00,PE,NIFTY25MAY25400PE,1063.45,1063.45,965.00,998.40,998.40,1003.50,24414.40,998.40,36900,-375,18,35634341.25,12,F1,75,,,,,
2025-05-07,2025-05-07,FO,NSE,IDO,61798,,NIFTY,,2025-05-29,2025-05-29,25900.00,PE,NIFTY25MAY25900PE,1432.00,1454.00,1420.00,1433.70,1433.70,1475.55,24414.40,1428.45,207600,-375,11,22552050.00,8,F1,75,,,,,
2025-05-07,2025-05-07,FO,NSE,IDO,61806,,NIFTY,,2025-05-29,2025-05-29,26100.00,PE,NIFTY25MAY26100PE,1636.65,1639.80,1636.65,1638.25,1639.80,1560.00,24414.40,1638.25,1200,150,2,4160733.75,2,F1,75,,,,,
2025-05-07,2025-05-07,FO,NSE,IDO,40418,,NIFTY,,2025-06-05,2025-06-05,23600.00,PE,NIFTY2560523600PE,0.00,0.00,0.00,176.70,0.00,176.70,24414.40,130.20,0,0,0,0.00,0,F1,75,,,,,
2025-05-07,2025-05-07,FO,NSE,IDO,89635,,NIFTY,,2029-06-28,2029-06-28,26000.00,PE,NIFTY29JUN26000PE,0.00,0.00,0.00,1391.75,1391.75,1391.75,24414.40,1196.15,25,0,0,0.00,0,F1,75,,,,,
2025-05-07,2025-05-07,FO,NSE,IDO,67793,,NIFTY,,2028-12-28,2028-12-28,29000.00,PE,NIFTY28DEC29000PE,0.00,0.00,0.00,2010.85,0.00,2010.85,24414.40,2222.70,0,0,0,0.00,0,F1,75,,,,,
2025-05-07,2025-05-07,FO,NSE,IDO,67777,,NIFTY,,2028-12-28,2028-12-28,21000.00,PE,NIFTY28DEC21000PE,0.00,0.00,0.00,618.05,618.05,618.05,24414.40,334.35,1250,0,0,0.00,0,F1,75,,,,,
2025-05-07,2025-05-07,FO,NSE,IDO,86160,,NIFTY,,2028-06-29,2028-06-29,25000.00,PE,NIFTY28JUN25000PE,0.00,0.00,0.00,2016.80,0.00,2016.80,24414.40,1058.90,0,0,0,0.00,0,F1,75,,,,,
2025-05-07,2025-05-07,FO,NSE,IDO,86148,,NIFTY,,2028-06-29,2028-06-29,22000.00,PE,NIFTY28JUN22000PE,0.00,0.00,0.00,520.05,520.05,520.05,24414.40,459.70,100,0,0,0.00,0,F1,75,,,,,
2025-05-07,2025-05-07,FO,NSE,IDO,86144,,NIFTY,,2028-06-29,2028-06-29,20000.00,PE,NIFTY28JUN20000PE,0.00,0.00,0.00,400.00,400.00,400.00,24414.40,226.30,0,0,0,0.00,0,F1,75,,,,,
2025-05-07,2025-05-07,FO,NSE,IDO,86140,,NIFTY,,2028-06-29,2028-06-29,18000.00,PE,NIFTY28JUN18000PE,0.00,0.00,0.00,396.75,0.00,396.75,24414.40,94.30,0,0,0,0.00,0,F1,75,,,,,
2025-05-07,2025-05-07,FO,NSE,IDO,86138,,NIFTY,,2028-06-29,2028-06-29,17000.00,PE,NIFTY28JUN17000PE,0.00,0.00,0.00,283.10,0.00,283.10,24414.40,56.25,0,0,0,0.00,0,F1,75,,,,,
2025-05-07,2025-05-07,FO,NSE,IDO,53602,,NIFTY,,2027-12-30,2027-12-30,17000.00,PE,NIFTY27DEC17000PE,0.00,0.00,0.00,110.00,110.00,110.00,24414.40,45.95,14200,0,0,0.00,0,F1,75,,,,,
2025-05-07,2025-05-07,FO,NSE,IDO,50984,,NIFTY,,2027-06-24,2027-06-24,27000.00,PE,NIFTY27JUN27000PE,0.00,0.00,0.00,6273.45,0.00,6273.45,24414.40,1860.15,0,0,0,0.00,0,F1,75,,,,,
2025-05-07,2025-05-07,FO,NSE,IDO,58647,,NIFTY,,2026-12-31,2026-12-31,21000.00,PE,NIFTY26DEC21000PE,372.40,424.95,372.40,424.95,424.95,392.30,24414.40,252.40,6950,0,2,3209801.25,2,F1,75,,,,,
2025-05-07,2025-05-07,FO,NSE,IDO,58629,,NIFTY,,2026-12-31,2026-12-31,12000.00,PE,NIFTY26DEC12000PE,0.00,0.00,0.00,20.05,20.05,20.05,24414.40,0.10,1100,0,0,0.00,0,F1,75,,,,,
2025-05-07,2025-05-07,FO,NSE,IDO,38157,,NIFTY,,2026-06-25,2026-06-25,29000.00,PE,NIFTY26JUN29000PE,0.00,0.00,0.00,5546.10,0.00,5546.10,24414.40,3313.80,0,0,0,0.00,0,F1,75,,,,,
2025-05-07,2025-05-07,FO,NSE,IDO,50444,,NIFTY,,2026-06-25,2026-06-25,14000.00,PE,NIFTY26JUN14000PE,0.00,0.00,0.00,20.05,20.05,20.05,24414.40,0.20,1075,0,0,0.00,0,F1,75,,,,,
2025-05-07,2025-05-07,FO,NSE,IDO,62933,,NIFTY,,2026-03-26,2026-03-26,28000.00,PE,NIFTY26MAR28000PE,0.00,0.00,0.00,3078.95,0.00,3078.95,24414.40,2773.40,0,0,0,0.00,0,F1,75,,,,,
2025-05-07,2025-05-07,FO,NSE,IDO,62931,,NIFTY,,2026-03-26,2026-03-26,27000.00,PE,NIFTY26MAR27000PE,0.00,0.00,0.00,2406.70,0.00,2406.70,24414.40,2136.45,0,0,0,0.00,0,F1,75,,,,,
2025-05-07,2025-05-07,FO,NSE,IDO,62923,,NIFTY,,2026-03-26,2026-03-26,23000.00,PE,NIFTY26MAR23000PE,0.00,0.00,0.00,577.80,0.00,577.80,24414.40,472.55,0,0,0,0.00,0,F1,75,,,,,
2025-05-07,2025-05-07,FO,NSE,IDO,71403,,NIFTY,,2025-12-24,2025-12-24,26000.00,PE,NIFTY25DEC26000PE,1471.80,1471.80,1335.05,1364.80,1360.00,1409.30,24414.40,1364.80,451725,3050,655,1344835961.25,412,F1,75,,,,,
2025-05-07,2025-05-07,FO,NSE,IDO,55832,,NIFTY,,2025-07-31,2025-07-31,25600.00,PE,NIFTY25JUL25600PE,1184.65,1184.70,1184.65,1184.70,1184.70,1386.35,24414.40,1184.70,150,150,2,4017701.25,2,F1,75,,,,,
2025-05-07,2025-05-07,FO,NSE,IDO,55792,,NIFTY,,2025-07-31,2025-07-31,24800.00,PE,NIFTY25JUL24800PE,750.50,750.50,725.05,743.15,743.15,762.50,24414.40,788.80,1050,150,3,5746402.50,3,F1,75,,,,,
2025-05-07,2025-05-07,FO,NSE,IDO,55756,,NIFTY,,2025-07-31,2025-07-31,23950.00,PE,NIFTY25JUL23950PE,453.75,453.75,451.40,451.40,451.40,512.45,24414.40,451.40,150,75,2,3660386.25,2,F1,75,,,,,
2025-05-07,2025-05-07,FO,NSE,IDO,55738,,NIFTY,,2025-07-31,2025-07-31,23550.00,PE,NIFTY25JUL23550PE,363.45,369.30,363.45,367.75,366.75,389.50,24414.40,367.75,600,600,14,25113333.75,11,F1,75,,,,,
2025-05-07,2025-05-07,FO,NSE,IDO,55702,,NIFTY,,2025-07-31,2025-07-31,22950.00,PE,NIFTY25JUL22950PE,0.00,0.00,0.00,235.35,0.00,235.35,24414.40,172.05,0,0,0,0.00,0,F1,75,,,,,
2025-05-07,2025-05-07,FO,NSE,IDO,55692,,NIFTY,,2025-07-31,2025-07-31,22750.00,PE,NIFTY25JUL22750PE,0.00,0.00,0.00,195.70,0.00,195.70,24414.40,139.35,0,0,0,0.00,0,F1,75,,,,,
2025-05-07,2025-05-07,FO,NSE,IDO,62438,,NIFTY,,2025-06-26,2025-06-26,25800.00,PE,NIFTY25JUN25800PE,1321.35,1321.35,1321.35,1321.35,1321.35,1411.55,24414.40,1321.35,225,75,1,2034101.25,1,F1,75,,,,,
2025-05-07,2025-05-07,FO,NSE,IDO,62428,,NIFTY,,2025-06-26,2025-06-26,25650.00,PE,NIFTY25JUN25650PE,1205.05,1205.05,1205.05,1205.05,1205.05,1196.15,24414.40,1205.05,150,75,1,2014128.75,1,F1,75,,,,,
2025-05-07,2025-05-07,FO,NSE,IDO,62422,,NIFTY,,2025-06-26,2025-06-26,25500.00,PE,NIFTY25JUN25500PE,1135.00,1163.00,1051.20,1097.65,1092.00,1121.45,24414.40,1097.65,119850,9225,491,979547268.75,418,F1,75,,,,,
2025-05-07,2025-05-07,FO,NSE,IDO,62382,,NIFTY,,2025-06-26,2025-06-26,24650.00,PE,NIFTY25JUN24650PE,603.00,603.00,589.85,600.95,600.95,628.45,24414.40,600.95,12675,0,4,7574321.25,4,F1,75,,,,,
2025-05-07,2025-05-07,FO,NSE,IDO,62378,,NIFTY,,2025-06-26,2025-06-26,24550.00,PE,NIFTY25JUN24550PE,585.30,596.00,525.00,552.30,552.30,585.30,24414.40,560.05,24075,4725,108,203384103.75,48,F1,75,,,,,
2025-05-07,2025-05-07,FO,NSE,IDO,62346,,NIFTY,,2025-06-26,2025-06-26,23850.00,PE,NIFTY25JUN23850PE,358.75,358.75,316.55,334.00,334.00,356.25,24414.40,283.65,18000,2100,53,96116171.25,33,F1,75,,,,,
2025-05-07,2025-05-07,FO,NSE,IDO,62338,,NIFTY,,2025-06-26,2025-06-26,23700.00,PE,NIFTY25JUN23700PE,329.00,339.80,285.15,303.55,301.80,325.00,24414.40,303.55,86625,-1050,358,644697045.00,195,F1,75,,,,,
2025-05-07,2025-05-07,FO,NSE,IDO,62334,,NIFTY,,2025-06-26,2025-06-26,23600.00,PE,NIFTY25JUN23600PE,305.60,310.30,265.90,283.55,283.65,304.25,24414.40,283.55,27750,375,133,238243331.25,73,F1,75,,,,,
2025-05-07,2025-05-07,FO,NSE,IDO,62264,,NIFTY,,2025-06-26,2025-06-26,22950.00,PE,NIFTY25JUN22950PE,0.00,0.00,0.00,207.75,207.75,207.75,24414.40,92.15,3675,0,0,0.00,0,F1,75,,,,,
2025-05-07,2025-05-07,FO,NSE,IDO,62258,,NIFTY,,2025-06-26,2025-06-26,22900.00,PE,NIFTY25JUN22900PE,188.00,188.00,163.50,176.10,174.40,189.65,24414.40,176.10,35250,1800,93,160915012.50,34,F1,75,,,,,
2025-05-07,2025-05-07,FO,NSE,IDO,62256,,NIFTY,,2025-06-26,2025-06-26,22850.00,PE,NIFTY25JUN22850PE,0.00,0.00,0.00,231.10,231.10,231.10,24414.40,79.70,1800,0,0,0.00,0,F1,75,,,,,
2025-05-07,2025-05-07,FO,NSE,IDO,62190,,NIFTY,,2025-06-26,2025-06-26,22250.00,PE,NIFTY25JUN22250PE,0.00,0.00,0.00,190.00,190.00,190.00,24414.40,30.35,525,0,0,0.00,0,F1,75,,,,,
2025-05-07,2025-05-07,FO,NSE,IDO,62184,,NIFTY,,2025-06-26,2025-06-26,22100.00,PE,NIFTY25JUN22100PE,0.00,0.00,0.00,67.40,67.40,67.40,24414.40,23.20,83700,0,0,0.00,0,F1,75,,,,,
2025-05-07,2025-05-07,FO,NSE,IDO,55786,,NIFTY,,2025-07-31,2025-07-31,24650.00,PE,NIFTY25JUL24650PE,683.10,685.25,675.85,683.10,684.15,716.10,24414.40,683.10,525,0,6,11399883.75,6,F1,75,,,,,
2025-05-07,2025-05-07,FO,NSE,IDO,55764,,NIFTY,,2025-07-31,2025-07-31,24150.00,PE,NIFTY25JUL24150PE,508.85,514.20,504.65,509.45,504.65,603.90,24414.40,509.45,75,75,3,5548327.50,3,F1,75,,,,,
2025-05-07,2025-05-07,FO,NSE,IDO,55744,,NIFTY,,2025-07-31,2025-07-31,23650.00,PE,NIFTY25JUL23650PE,379.15,379.90,379.15,379.90,379.90,363.45,24414.40,379.90,3750,0,2,3604428.75,2,F1,75,,,,,
2025-05-07,2025-05-07,FO,NSE,IDO,55680,,NIFTY,,2025-07-31,2025-07-31,22450.00,PE,NIFTY25JUL22450PE,0.00,0.00,0.00,145.95,0.00,145.95,24414.40,99.60,0,0,0,0.00,0,F1,75,,,,,
2025-05-07,2025-05-07,FO,NSE,IDO,62420,,NIFTY,,2025-06-26,2025-06-26,25450.00,PE,NIFTY25JUN25450PE,1058.25,1058.25,1058.25,1058.25,1058.25,1120.65,24414.40,1058.25,150,75,1,1988118.75,1,F1,75,,,,,
2025-05-07,2025-05-07,FO,NSE,IDO,62372,,NIFTY,,2025-06-26,2025-06-26,24400.00,PE,NIFTY25JUN24400PE,525.40,544.90,464.15,499.25,495.25,520.95,24414.40,499.25,100050,-2250,1533,2863061482.50,948,F1,75,,,,,
2025-05-07,2025-05-07,FO,NSE,IDO,62370,,NIFTY,,2025-06-26,2025-06-26,24350.00,PE,NIFTY25JUN24350PE,506.65,519.65,453.65,481.80,480.60,506.95,24414.40,481.80,29400,300,237,441349252.50,129,F1,75,,,,,
2025-05-07,2025-05-07,FO,NSE,IDO,62366,,NIFTY,,2025-06-26,2025-06-26,24300.00,PE,NIFTY25JUN24300PE,519.70,519.70,433.35,464.60,463.15,487.85,24414.40,464.60,107175,7575,1158,2151398145.00,767,F1,75,,,,,
2025-05-07,2025-05-07,FO,NSE,IDO,62344,,NIFTY,,2025-06-26,2025-06-26,23800.00,PE,NIFTY25JUN23800PE,376.60,376.60,302.00,326.10,323.00,343.85,24414.40,326.10,81450,-3375,588,1064238221.25,379,F1,75,,,,,
2025-05-07,2025-05-07,FO,NSE,IDO,62332,,NIFTY,,2025-06-26,2025-06-26,23550.00,PE,NIFTY25JUN23550PE,292.70,300.00,259.65,259.65,259.65,257.60,24414.40,201.85,4875,-225,35,62582760.00,7,F1,75,,,,,
2025-05-07,2025-05-07,FO,NSE,IDO,62160,,NIFTY,,2025-06-26,2025-06-26,21700.00,PE,NIFTY25JUN21700PE,80.95,92.00,79.35,82.00,81.10,94.10,24414.40,82.00,57375,-375,120,196043947.50,40,F1,75,,,,,
2025-05-07,2025-05-07,FO,NSE,IDO,62148,,NIFTY,,2025-06-26,2025-06-26,21600.00,PE,NIFTY25JUN21600PE,87.00,91.50,74.25,78.25,77.25,74.60,24414.40,78.25,29850,675,188,305717460.00,65,F1,75,,,,,
2025-05-07,2025-05-07,FO,NSE,IDO,62132,,NIFTY,,2025-06-26,2025-06-26,21200.00,PE,NIFTY25JUN21200PE,0.00,0.00,0.00,48.75,48.75,48.75,24414.40,3.60,150,0,0,0.00,0,F1,75,,,,,
2025-05-07,2025-05-07,FO,NSE,IDO,62124,,NIFTY,,2025-06-26,2025-06-26,21100.00,PE,NIFTY25JUN21100PE,0.00,0.00,0.00,36.70,0.00,36.70,24414.40,2.85,0,0,0,0.00,0,F1,75,,,,,
2025-05-07,2025-05-07,FO,NSE,IDO,38375,,NIFTY,,2025-06-26,2025-06-26,20000.00,PE,NIFTY25JUN20000PE,49.05,50.65,37.05,38.20,38.95,44.20,24414.40,38.20,1494925,29100,6731,10117174612.50,3224,F1,75,,,,,
2025-05-07,2025-05-07,FO,NSE,IDO,39680,,NIFTY,,2025-06-26,2025-06-26,16000.00,PE,NIFTY25JUN16000PE,9.05,9.40,8.35,8.55,8.40,9.05,24414.40,8.55,56025,3075,111,133274497.50,29,F1,75,,,,,
2025-05-07,2025-05-07,FO,NSE,IDO,43386,,NIFTY,,2025-06-26,2025-06-26,14000.00,PE,NIFTY25JUN14000PE,5.35,6.15,5.25,5.40,5.40,5.70,24414.40,5.40,45125,675,44,46218832.50,28,F1,75,,,,,
2025-05-07,2025-05-07,FO,NSE,IDO,40538,,NIFTY,,2025-06-05,2025-06-05,25950.00,PE,NIFTY2560525950PE,0.00,0.00,0.00,1538.50,0.00,1538.50,24414.40,1472.25,0,0,0,0.00,0,F1,75,,,,,
2025-05-07,2025-05-07,FO,NSE,IDO,40536,,NIFTY,,2025-06-05,2025-06-05,25900.00,PE,NIFTY2560525900PE,0.00,0.00,0.00,1495.45,0.00,1495.45,24414.40,1428.40,0,0,0,0.00,0,F1,75,,,,,
2025-05-07,2025-05-07,FO,NSE,IDO,40528,,NIFTY,,2025-06-05,2025-06-05,25700.00,PE,NIFTY2560525700PE,0.00,0.00,0.00,1327.35,0.00,1327.35,24414.40,1257.25,0,0,0,0.00,0,F1,75,,,,,
2025-05-07,2025-05-07,FO,NSE,IDO,40470,,NIFTY,,2025-06-05,2025-06-05,24550.00,PE,NIFTY2560524550PE,0.00,0.00,0.00,538.65,0.00,538.65,24414.40,465.55,0,0,0,0.00,0,F1,75,,,,,
2025-05-07,2025-05-07,FO,NSE,IDO,40458,,NIFTY,,2025-06-05,2025-06-05,24350.00,PE,NIFTY2560524350PE,394.00,421.05,385.40,397.00,397.00,350.00,24414.40,397.00,825,525,18,33410797.50,12,F1,75,,,,,
2025-05-07,2025-05-07,FO,NSE,IDO,40436,,NIFTY,,2025-06-05,2025-06-05,24000.00,PE,NIFTY2560524000PE,308.00,308.50,255.80,282.40,279.00,295.55,24414.40,282.40,21975,9975,257,468005891.25,185,F1,75,,,,,
2025-05-07,2025-05-07,FO,NSE,IDO,61782,,NIFTY,,2025-05-29,2025-05-29,25550.00,PE,NIFTY25MAY25550PE,1120.45,1120.45,1120.45,1120.45,1120.45,1023.95,24414.40,1120.60,1650,75,1,2000283.75,1,F1,75,,,,,
2025-05-07,2025-05-07,FO,NSE,IDO,61676,,NIFTY,,2025-05-29,2025-05-29,24300.00,PE,NIFTY25MAY24300PE,375.00,399.75,292.10,323.45,318.00,339.55,24414.40,323.45,1285275,-130275,30699,56701139433.75,18888,F1,75,,,,,
2025-05-07,2025-05-07,FO,NSE,IDO,61620,,NIFTY,,2025-05-29,2025-05-29,23900.00,PE,NIFTY25MAY23900PE,255.00,266.30,192.70,214.40,209.30,227.05,24414.40,214.40,624450,-2775,6340,11468373922.50,4475,F1,75,,,,,
2025-05-07,2025-05-07,FO,NSE,IDO,61530,,NIFTY,,2025-05-29,2025-05-29,23100.00,PE,NIFTY25MAY23100PE,140.00,140.00,87.80,100.50,99.00,110.35,24414.40,100.50,184500,-3000,3233,5626583640.00,2185,F1,75,,,,,
2025-05-07,2025-05-07,FO,NSE,IDO,61359,,NIFTY,,2025-05-29,2025-05-29,21050.00,PE,NIFTY25MAY21050PE,25.40,30.85,21.85,23.90,21.85,26.20,24414.40,23.90,11925,750,314,496305270.00,257,F1,75,,,,,
2025-05-07,2025-05-07,FO,NSE,IDO,61328,,NIFTY,,2025-05-29,2025-05-29,20450.00,PE,NIFTY25MAY20450PE,19.95,21.50,15.75,17.40,15.75,18.20,24414.40,17.40,13725,-1650,408,626330827.50,321,F1,75,,,,,
2025-05-07,2025-05-07,FO,NSE,IDO,49246,,NIFTY,,2025-05-22,2025-05-22,25000.00,PE,NIFTY2552225000PE,660.40,710.10,603.25,647.85,644.60,690.40,24414.40,647.85,6825,2700,68,130815686.25,62,F1,75,,,,,
2025-05-07,2025-05-07,FO,NSE,IDO,49207,,NIFTY,,2025-05-22,2025-05-22,24500.00,PE,NIFTY2552224500PE,395.00,398.55,315.20,349.90,340.20,356.50,24414.40,349.90,101775,-3450,4368,8141046637.50,2888,F1,75,,,,,
2025-05-07,2025-05-07,FO,NSE,IDO,49185,,NIFTY,,2025-05-22,2025-05-22,24050.00,PE,NIFTY2552224050PE,231.00,231.00,176.00,197.15,192.20,200.50,24414.40,197.15,10575,-2850,351,638357148.75,174,F1,75,,,,,
2025-05-07,2025-05-07,FO,NSE,IDO,49183,,NIFTY,,2025-05-22,2025-05-22,24000.00,PE,NIFTY2552224000PE,220.55,241.15,160.95,184.00,176.30,189.50,24414.40,184.00,340275,21075,9675,17550630802.50,6783,F1,75,,,,,
2025-05-07,2025-05-07,FO,NSE,IDO,49176,,NIFTY,,2025-05-22,2025-05-22,23900.00,PE,NIFTY2552223900PE,188.65,191.15,140.70,163.10,158.45,167.30,24414.40,163.10,26100,3000,780,1407771101.25,609,F1,75,,,,,
2025-05-07,2025-05-07,FO,NSE,IDO,49114,,NIFTY,,2025-05-22,2025-05-22,22850.00,PE,NIFTY2552222850PE,0.00,0.00,0.00,102.10,0.00,102.10,24414.40,6.40,0,0,0,0.00,0,F1,75,,,,,
2025-05-07,2025-05-07,FO,NSE,IDO,49092,,NIFTY,,2025-05-22,2025-05-22,22350.00,PE,NIFTY2552222350PE,0.00,0.00,0.00,40.95,0.00,40.95,24414.40,0.95,0,0,0,0.00,0,F1,75,,,,,
2025-05-07,2025-05-07,FO,NSE,IDO,49090,,NIFTY,,2025-05-22,2025-05-22,22300.00,PE,NIFTY2552222300PE,0.00,0.00,0.00,37.00,0.00,37.00,24414.40,0.75,0,0,0,0.00,0,F1,75,,,,,
2025-05-07,2025-05-07,FO,NSE,IDO,49088,,NIFTY,,2025-05-22,2025-05-22,22250.00,PE,NIFTY2552222250PE,0.00,0.00,0.00,33.40,0.00,33.40,24414.40,0.60,0,0,0,0.00,0,F1,75,,,,,
2025-05-07,2025-05-07,FO,NSE,IDO,49086,,NIFTY,,2025-05-22,2025-05-22,22200.00,PE,NIFTY2552222200PE,0.00,0.00,0.00,30.10,0.00,30.10,24414.40,0.50,0,0,0,0.00,0,F1,75,,,,,
2025-05-07,2025-05-07,FO,NSE,IDO,49080,,NIFTY,,2025-05-22,2025-05-22,22100.00,PE,NIFTY2552222100PE,35.00,45.00,21.65,27.10,26.50,29.10,24414.40,27.10,97500,-1050,2545,4223819782.50,1945,F1,75,,,,,
2025-05-07,2025-05-07,FO,NSE,IDO,46295,,NIFTY,,2025-05-15,2025-05-15,25100.00,PE,NIFTY2551525100PE,722.90,753.00,661.95,735.40,716.05,741.95,24414.40,735.40,19200,1425,162,313834871.25,99,F1,75,,,,,
2025-05-07,2025-05-07,FO,NSE,IDO,46281,,NIFTY,,2025-05-15,2025-05-15,24750.00,PE,NIFTY2551524750PE,507.95,507.95,377.50,433.05,426.10,437.90,24414.40,433.05,25500,-7200,1494,2821991748.75,994,F1,75,,,,,
2025-05-07,2025-05-07,FO,NSE,IDO,46197,,NIFTY,,2025-05-15,2025-05-15,23100.00,PE,NIFTY2551523100PE,46.95,52.65,29.70,35.45,34.00,36.10,24414.40,35.45,254550,60450,14782,25651155345.00,9266,F1,75,,,,,
2025-05-07,2025-05-07,FO,NSE,IDO,46169,,NIFTY,,2025-05-15,2025-05-15,22600.00,PE,NIFTY2551522600PE,27.50,34.60,18.80,20.75,19.35,21.90,24414.40,20.75,139050,24150,8424,14293419206.25,5576,F1,75,,,,,
2025-05-07,2025-05-07,FO,NSE,IDO,46163,,NIFTY,,2025-05-15,2025-05-15,22450.00,PE,NIFTY2551522450PE,21.50,29.60,16.15,17.70,16.45,18.45,24414.40,17.70,55650,37875,2652,4469317575.00,1587,F1,75,,,,,
2025-05-07,2025-05-07,FO,NSE,IDO,46155,,NIFTY,,2025-05-15,2025-05-15,22300.00,PE,NIFTY2551522300PE,20.00,27.65,13.80,15.65,14.55,16.65,24414.40,15.65,192975,54150,10747,17988822911.25,7541,F1,75,,,,,
2025-05-07,2025-05-07,FO,NSE,IDO,38681,,NIFTY,,2025-05-08,2025-05-08,26000.00,PE,NIFTY2550826000PE,1628.85,1662.55,1591.15,1635.00,1635.00,1603.85,24414.40,1635.00,11775,-1050,30,62153430.00,24,F1,75,,,,,
2025-05-07,2025-05-07,FO,NSE,IDO,38599,,NIFTY,,2025-05-08,2025-05-08,24200.00,PE,NIFTY2550824200PE,67.00,81.85,23.30,32.05,23.80,42.70,24414.40,32.05,7754400,1407825,2743280,4987111691426.25,1185364,F1,75,,,,,
2025-05-07,2025-05-07,FO,NSE,IDO,38587,,NIFTY,,2025-05-08,2025-05-08,23950.00,PE,NIFTY2550823950PE,38.80,45.00,15.30,20.95,16.05,25.00,24414.40,20.95,870300,-12225,386458,694873839086.25,182054,F1,75,,,,,
2025-05-07,2025-05-07,FO,NSE,IDO,38523,,NIFTY,,2025-05-08,2025-05-08,22900.00,PE,NIFTY2550822900PE,10.40,11.35,3.50,5.20,4.00,8.75,24414.40,5.20,1553775,533925,251057,431319893561.25,84460,F1,75,,,,,
2025-05-07,2025-05-07,FO,NSE,IDO,38517,,NIFTY,,2025-05-08,2025-05-08,22850.00,PE,NIFTY2550822850PE,6.00,11.00,3.50,4.85,3.80,8.35,24414.40,4.85,504225,188175,117397,201246256301.25,38247,F1,75,,,,,
2025-05-07,2025-05-07,FO,NSE,IDO,38489,,NIFTY,,2025-05-08,2025-05-08,22350.00,PE,NIFTY2550822350PE,5.60,6.10,1.60,2.00,1.60,5.60,24414.40,2.00,498300,187500,100961,169260643507.50,24897,F1,75,,,,,
2025-05-07,2025-05-07,FO,NSE,IDO,38461,,NIFTY,,2025-05-08,2025-05-08,21700.00,PE,NIFTY2550821700PE,2.10,4.90,0.75,1.00,1.05,3.40,24414.40,1.00,305775,-319350,98950,161056491375.00,22203,F1,75,,,,,
2025-05-07,2025-05-07,FO,NSE,IDO,38457,,NIFTY,,2025-05-08,2025-05-08,21600.00,PE,NIFTY2550821600PE,2.00,3.30,0.80,1.00,0.95,3.30,24414.40,1.00,205725,-142350,58516,94803776103.75,14379,F1,75,,,,,
2025-05-07,2025-05-07,FO,NSE,IDO,38455,,NIFTY,,2025-05-08,2025-05-08,21550.00,PE,NIFTY2550821550PE,3.10,4.35,0.80,0.95,0.85,3.20,24414.40,0.95,82725,-33525,33180,53632184265.00,6872,F1,75,,,,,
2025-05-07,2025-05-07,FO,NSE,IDO,38445,,NIFTY,,2025-05-08,2025-05-08,21300.00,PE,NIFTY2550821300PE,2.70,3.15,0.60,0.80,0.90,2.70,24414.40,0.80,317100,-214500,94904,151617782238.75,19644,F1,75,,,,,
2025-05-07,2025-05-07,FO,NSE,IDO,38425,,NIFTY,,2025-05-08,2025-05-08,20800.00,PE,NIFTY2550820800PE,2.25,2.60,0.50,0.75,0.85,2.25,24414.40,0.75,257025,-963825,88403,137917378245.00,16789,F1,75,,,,,
2025-05-07,2025-05-07,FO,NSE,IDO,38413,,NIFTY,,2025-05-08,2025-05-08,20500.00,PE,NIFTY2550820500PE,1.80,1.90,0.45,0.65,0.60,1.85,24414.40,0.65,2314050,-1287225,251240,386299670137.50,33739,F1,75,,,,,
2025-05-07,2025-05-07,FO,NSE,IDO,38411,,NIFTY,,2025-05-08,2025-05-08,20450.00,PE,NIFTY2550820450PE,1.65,1.90,0.45,0.70,0.75,1.75,24414.40,0.70,228300,-502200,184479,282957993513.75,23880,F1,75,,,,,
2025-05-07,2025-05-07,FO,NSE,IDO,61382,,NIFTY,,2029-12-27,2029-12-27,17000.00,CE,NIFTY29DEC17000CE,0.00,0.00,0.00,12022.30,0.00,12022.30,24414.40,12036.15,0,0,0,0.00,0,F1,75,,,,,
2025-05-07,2025-05-07,FO,NSE,IDO,89616,,NIFTY,,2029-06-28,2029-06-28,20000.00,CE,NIFTY29JUN20000CE,0.00,0.00,0.00,10410.00,0.00,10410.00,24414.40,9504.95,0,0,0,0.00,0,F1,75,,,,,
2025-05-07,2025-05-07,FO,NSE,IDO,67792,,NIFTY,,2028-12-28,2028-12-28,29000.00,CE,NIFTY28DEC29000CE,0.00,0.00,0.00,3645.75,0.00,3645.75,24414.40,3923.25,0,0,0,0.00,0,F1,75,,,,,
2025-05-07,2025-05-07,FO,NSE,IDO,67788,,NIFTY,,2028-12-28,2028-12-28,27000.00,CE,NIFTY28DEC27000CE,0.00,0.00,0.00,4437.95,0.00,4437.95,24414.40,4815.40,0,0,0,0.00,0,F1,75,,,,,
2025-05-07,2025-05-07,FO,NSE,IDO,67776,,NIFTY,,2028-12-28,2028-12-28,21000.00,CE,NIFTY28DEC21000CE,0.00,0.00,0.00,7512.50,0.00,7512.50,24414.40,8300.80,0,0,0,0.00,0,F1,75,,,,,
2025-05-07,2025-05-07,FO,NSE,IDO,53628,,NIFTY,,2027-12-30,2027-12-30,26000.00,CE,NIFTY27DEC26000CE,0.00,0.00,0.00,3162.40,0.00,3162.40,24414.40,4044.60,0,0,0,0.00,0,F1,75,,,,,
2025-05-07,2025-05-07,FO,NSE,IDO,71399,,NIFTY,,2025-12-24,2025-12-24,26000.00,CE,NIFTY25DEC26000CE,745.20,837.35,745.20,793.55,794.00,789.20,24414.40,793.55,1523450,16075,2100,4219778111.25,1510,F1,75,,,,,
2025-05-07,2025-05-07,FO,NSE,IDO,71393,,NIFTY,,2025-12-24,2025-12-24,24000.00,CE,NIFTY25DEC24000CE,1934.95,2010.00,1911.00,1962.85,1957.85,1942.40,24414.40,1962.85,891350,-5100,439,854764721.25,367,F1,75,,,,,
2025-05-07,2025-05-07,FO,NSE,IDO,36688,,NIFTY,,2025-12-24,2025-12-24,19500.00,CE,NIFTY25DEC19500CE,0.00,0.00,0.00,4000.00,4000.00,4000.00,24414.40,5748.10,1150,0,0,0.00,0,F1,75,,,,,
2025-05-07,2025-05-07,FO,NSE,IDO,64686,,NIFTY,,2025-09-25,2025-09-25,21000.00,CE,NIFTY25SEP21000CE,0.00,0.00,0.00,3690.00,3690.00,3690.00,24414.40,3994.40,750,0,0,0.00,0,F1,75,,,,,
2025-05-07,2025-05-07,FO,NSE,IDO,55853,,NIFTY,,2025-07-31,2025-07-31,26100.00,CE,NIFTY25JUL26100CE,0.00,0.00,0.00,353.85,0.00,353.85,24414.40,325.25,0,0,0,0.00,0,F1,75,,,,,
2025-05-07,2025-05-07,FO,NSE,IDO,55837,,NIFTY,,2025-07-31,2025-07-31,25750.00,CE,NIFTY25JUL25750CE,0.00,0.00,0.00,447.40,0.00,447.40,24414.40,420.00,0,0,0,0.00,0,F1,75,,,,,
2025-05-07,2025-05-07,FO,NSE,IDO,55829,,NIFTY,,2025-07-31,2025-07-31,25550.00,CE,NIFTY25JUL25550CE,0.00,0.00,0.00,509.65,0.00,509.65,24414.40,483.70,0,0,0,0.00,0,F1,75,,,,,
2025-05-07,2025-05-07,FO,NSE,IDO,55821,,NIFTY,,2025-07-31,2025-07-31,25450.00,CE,NIFTY25JUL25450CE,0.00,0.00,0.00,543.10,0.00,543.10,24414.40,518.15,0,0,0,0.00,0,F1,75,,,,,
2025-05-07,2025-05-07,FO,NSE,IDO,55807,,NIFTY,,2025-07-31,2025-07-31,25200.00,CE,NIFTY25JUL25200CE,491.60,541.90,450.00,475.00,475.00,465.25,24414.40,612.20,11250,-75,24,46241043.75,19,F1,75,,,,,
2025-05-07,2025-05-07,FO,NSE,IDO,55767,,NIFTY,,2025-07-31,2025-07-31,24250.00,CE,NIFTY25JUL24250CE,0.00,0.00,0.00,732.90,732.90,732.90,24414.40,1078.80,300,0,0,0.00,0,F1,75,,,,,
2025-05-07,2025-05-07,FO,NSE,IDO,55757,,NIFTY,,2025-07-31,2025-07-31,24000.00,CE,NIFTY25JUL24000CE,1080.00,1230.00,1080.00,1176.10,1177.00,1158.30,24414.40,1176.10,77625,-1650,137,258647201.25,108,F1,75,,,,,
2025-05-07,2025-05-07,FO,NSE,IDO,55693,,NIFTY,,2025-07-31,2025-07-31,22800.00,CE,NIFTY25JUL22800CE,0.00,0.00,0.00,2061.90,0.00,2061.90,24414.40,2114.45,0,0,0,0.00,0,F1,75,,,,,
2025-05-07,2025-05-07,FO,NSE,IDO,55685,,NIFTY,,2025-07-31,2025-07-31,22600.00,CE,NIFTY25JUL22600CE,0.00,0.00,0.00,2222.65,0.00,2222.65,24414.40,2282.45,0,0,0,0.00,0,F1,75,,,,,
2025-05-07,2025-05-07,FO,NSE,IDO,55681,,NIFTY,,2025-07-31,2025-07-31,22500.00,CE,NIFTY25JUL22500CE,0.00,0.00,0.00,2385.60,2385.60,2385.60,24414.40,2368.25,75,0,0,0.00,0,F1,75,,,,,
2025-05-07,2025-05-07,FO,NSE,IDO,62433,,NIFTY,,2025-06-26,2025-06-26,25800.00,CE,NIFTY25JUN25800CE,116.40,134.65,105.55,121.30,123.00,116.40,24414.40,121.30,22725,6525,457,888379818.75,217,F1,75,,,,,
2025-05-07,2025-05-07,FO,NSE,IDO,71381,,NIFTY,,2025-06-26,2025-06-26,25000.00,CE,NIFTY25JUN25000CE,300.00,398.30,293.45,358.20,362.65,352.70,24414.40,358.20,1517875,78350,11234,21360504300.00,6507,F1,75,,,,,
2025-05-07,2025-05-07,FO,NSE,IDO,62371,,NIFTY,,2025-06-26,2025-06-26,24400.00,CE,NIFTY25JUN24400CE,675.60,728.00,628.05,672.25,673.25,664.55,24414.40,672.25,68550,1050,912,1714957961.25,542,F1,75,,,,,
2025-05-07,2025-05-07,FO,NSE,IDO,62367,,NIFTY,,2025-06-26,2025-06-26,24350.00,CE,NIFTY25JUN24350CE,713.55,752.15,665.25,695.30,702.70,699.55,24414.40,695.30,13425,975,74,138984221.25,38,F1,75,,,,,
2025-05-07,2025-05-07,FO,NSE,IDO,62343,,NIFTY,,2025-06-26,2025-06-26,23800.00,CE,NIFTY25JUN23800CE,1091.95,1115.00,1060.00,1090.15,1090.00,1073.40,24414.40,1090.15,22950,-225,38,70964707.50,24,F1,75,,,,,
2025-05-07,2025-05-07,FO,NSE,IDO,62337,,NIFTY,,2025-06-26,2025-06-26,23700.00,CE,NIFTY25JUN23700CE,1200.00,1200.00,1140.20,1148.00,1148.00,1158.95,24414.40,1171.00,25425,300,11,20507565.00,6,F1,75,,,,,
2025-05-07,2025-05-07,FO,NSE,IDO,62299,,NIFTY,,2025-06-26,2025-06-26,23150.00,CE,NIFTY25JUN23150CE,1622.95,1622.95,1622.95,1622.95,1622.95,1418.55,24414.40,1622.95,600,75,1,1857971.25,1,F1,75,,,,,
2025-05-07,2025-05-07,FO,NSE,IDO,62191,,NIFTY,,2025-06-26,2025-06-26,22300.00,CE,NIFTY25JUN22300CE,2370.00,2370.00,2370.00,2370.00,2370.00,2293.55,24414.40,2370.00,1650,0,1,1850250.00,1,F1,75,,,,,
2025-05-07,2025-05-07,FO,NSE,IDO,62167,,NIFTY,,2025-06-26,2025-06-26,21900.00,CE,NIFTY25JUN21900CE,0.00,0.00,0.00,2802.00,2802.00,2802.00,24414.40,2730.40,1125,0,0,0.00,0,F1,75,,,,,
2025-05-07,2025-05-07,FO,NSE,IDO,62157,,NIFTY,,2025-06-26,2025-06-26,21700.00,CE,NIFTY25JUN21700CE,0.00,0.00,0.00,2665.65,2665.65,2665.65,24414.40,2923.35,300,0,0,0.00,0,F1,75,,,,,
2025-05-07,2025-05-07,FO,NSE,IDO,62077,,NIFTY,,2025-06-26,2025-06-26,20750.00,CE,NIFTY25JUN20750CE,0.00,0.00,0.00,3766.30,3766.30,3766.30,24414.40,3855.20,300,0,0,0.00,0,F1,75,,,,,
2025-05-07,2025-05-07,FO,NSE,IDO,39982,,NIFTY,,2025-06-26,2025-06-26,19000.00,CE,NIFTY25JUN19000CE,5502.70,5572.50,5502.70,5521.00,5517.75,5508.05,24414.40,5521.00,185400,-5175,72,132494928.75,59,F1,75,,,,,
2025-05-07,2025-05-07,FO,NSE,IDO,40547,,NIFTY,,2025-06-05,2025-06-05,26200.00,CE,NIFTY2560526200CE,23.00,26.25,19.70,24.25,24.00,23.00,24414.40,24.25,2700,225,20,39335103.75,19,F1,75,,,,,
2025-05-07,2025-05-07,FO,NSE,IDO,40539,,NIFTY,,2025-06-05,2025-06-05,26000.00,CE,NIFTY2560526000CE,28.95,35.60,27.30,31.80,32.45,29.70,24414.40,31.80,35250,4200,796,1554038966.25,378,F1,75,,,,,
2025-05-07,2025-05-07,FO,NSE,IDO,40537,,NIFTY,,2025-06-05,2025-06-05,25950.00,CE,NIFTY2560525950CE,0.00,0.00,0.00,89.60,0.00,89.60,24414.40,69.30,0,0,0,0.00,0,F1,75,,,,,
2025-05-07,2025-05-07,FO,NSE,IDO,40523,,NIFTY,,2025-06-05,2025-06-05,25600.00,CE,NIFTY2560525600CE,0.00,0.00,0.00,144.95,0.00,144.95,24414.40,119.80,0,0,0,0.00,0,F1,75,,,,,
2025-05-07,2025-05-07,FO,NSE,IDO,40477,,NIFTY,,2025-06-05,2025-06-05,24750.00,CE,NIFTY2560524750CE,0.00,0.00,0.00,360.70,360.70,360.70,24414.40,365.30,600,0,0,0.00,0,F1,75,,,,,
2025-05-07,2025-05-07,FO,NSE,IDO,40471,,NIFTY,,2025-06-05,2025-06-05,24600.00,CE,NIFTY2560524600CE,380.20,429.95,365.40,380.00,380.00,381.00,24414.40,380.00,3975,675,19,35602012.50,13,F1,75,,,,,
2025-05-07,2025-05-07,FO,NSE,IDO,40441,,NIFTY,,2025-06-05,2025-06-05,24150.00,CE,NIFTY2560524150CE,0.00,0.00,0.00,692.95,0.00,692.95,24414.40,676.70,0,0,0,0.00,0,F1,75,,,,,
2025-05-07,2025-05-07,FO,NSE,IDO,40435,,NIFTY,,2025-06-05,2025-06-05,24000.00,CE,NIFTY2560524000CE,0.00,0.00,0.00,753.15,753.15,753.15,24414.40,773.45,225,0,0,0.00,0,F1,75,,,,,
2025-05-07,2025-05-07,FO,NSE,IDO,40423,,NIFTY,,2025-06-05,2025-06-05,23700.00,CE,NIFTY2560523700CE,0.00,0.00,0.00,990.00,990.00,990.00,24414.40,988.05,75,0,0,0.00,0,F1,75,,,,,
2025-05-07,2025-05-07,FO,NSE,IDO,40387,,NIFTY,,2025-06-05,2025-06-05,22950.00,CE,NIFTY2560522950CE,0.00,0.00,0.00,1595.70,0.00,1595.70,24414.40,1621.35,0,0,0,0.00,0,F1,75,,,,,
2025-05-07,2025-05-07,FO,NSE,IDO,61809,,NIFTY,,2025-05-29,2025-05-29,26200.00,CE,NIFTY25MAY26200CE,11.95,19.05,11.95,14.55,14.40,13.25,24414.40,14.55,656550,426300,14249,28014537806.25,7705,F1,75,,,,,
2025-05-07,2025-05-07,FO,NSE,IDO,61797,,NIFTY,,2025-05-29,2025-05-29,25900.00,CE,NIFTY25MAY25900CE,16.95,25.45,11.05,19.85,19.70,18.80,24414.40,19.85,587850,82875,9084,17659202298.75,5460,F1,75,,,,,
2025-05-07,2025-05-07,FO,NSE,IDO,61761,,NIFTY,,2025-05-29,2025-05-29,25150.00,CE,NIFTY25MAY25150CE,88.00,131.20,85.05,101.50,101.00,98.05,24414.40,101.50,57225,3075,3525,6675031050.00,2521,F1,75,,,,,
2025-05-07,2025-05-07,FO,NSE,IDO,61691,,NIFTY,,2025-05-29,2025-05-29,24700.00,CE,NIFTY25MAY24700CE,239.95,306.55,220.45,257.30,258.75,249.80,24414.40,257.30,533925,-37575,9117,17062911948.75,6454,F1,75,,,,,
2025-05-07,2025-05-07,FO,NSE,IDO,61677,,NIFTY,,2025-05-29,2025-05-29,24350.00,CE,NIFTY25MAY24350CE,478.50,512.80,405.30,450.35,454.00,441.35,24414.40,450.35,122175,-5550,4218,7844457360.00,2769,F1,75,,,,,
2025-05-07,2025-05-07,FO,NSE,IDO,61533,,NIFTY,,2025-05-29,2025-05-29,23200.00,CE,NIFTY25MAY23200CE,1400.00,1400.00,1328.35,1361.60,1365.00,1340.55,24414.40,1361.60,138000,600,17,31312252.50,15,F1,75,,,,,
2025-05-07,2025-05-07,FO,NSE,IDO,61521,,NIFTY,,2025-05-29,2025-05-29,22900.00,CE,NIFTY25MAY22900CE,1609.75,1660.70,1600.00,1647.45,1645.00,1603.45,24414.40,1647.45,175500,-900,57,104879160.00,46,F1,75,,,,,
2025-05-07,2025-05-07,FO,NSE,IDO,61511,,NIFTY,,2025-05-29,2025-05-29,22650.00,CE,NIFTY25MAY22650CE,1860.00,1878.60,1855.00,1877.25,1875.80,1765.70,24414.40,1877.25,10350,0,6,11032623.75,5,F1,75,,,,,
2025-05-07,2025-05-07,FO,NSE,IDO,61489,,NIFTY,,2025-05-29,2025-05-29,22100.00,CE,NIFTY25MAY22100CE,2450.00,2457.35,2376.45,2398.45,2398.45,2400.00,24414.40,2402.00,12600,-600,12,22070201.25,8,F1,75,,,,,
2025-05-07,2025-05-07,FO,NSE,IDO,61485,,NIFTY,,2025-05-29,2025-05-29,22000.00,CE,NIFTY25MAY22000CE,2350.00,2566.25,2350.00,2491.30,2498.70,2464.00,24414.40,2491.30,694875,-24825,514,943980945.00,327,F1,75,,,,,
2025-05-07,2025-05-07,FO,NSE,IDO,61377,,NIFTY,,2025-05-29,2025-05-29,21250.00,CE,NIFTY25MAY21250CE,0.00,0.00,0.00,3223.30,3223.30,3223.30,24414.40,3246.95,1875,0,0,0.00,0,F1,75,,,,,
2025-05-07,2025-05-07,FO,NSE,IDO,61345,,NIFTY,,2025-05-29,2025-05-29,20850.00,CE,NIFTY25MAY20850CE,0.00,0.00,0.00,3386.85,3386.85,3386.85,24414.40,3645.35,1650,0,0,0.00,0,F1,75,,,,,
2025-05-07,2025-05-07,FO,NSE,IDO,61341,,NIFTY,,2025-05-29,2025-05-29,20800.00,CE,NIFTY25MAY20800CE,0.00,0.00,0.00,3435.85,3435.85,3435.85,24414.40,3695.15,2100,0,0,0.00,0,F1,75,,,,,
2025-05-07,2025-05-07,FO,NSE,IDO,61333,,NIFTY,,2025-05-29,2025-05-29,20600.00,CE,NIFTY25MAY20600CE,0.00,0.00,0.00,3789.00,3789.00,3789.00,24414.40,3894.35,825,0,0,0.00,0,F1,75,,,,,
2025-05-07,2025-05-07,FO,NSE,IDO,61327,,NIFTY,,2025-05-29,2025-05-29,20450.00,CE,NIFTY25MAY20450CE,0.00,0.00,0.00,3703.50,3703.50,3703.50,24414.40,4043.75,1125,0,0,0.00,0,F1,75,,,,,
2025-05-07,2025-05-07,FO,NSE,IDO,49328,,NIFTY,,2025-05-22,2025-05-22,26000.00,CE,NIFTY2552226000CE,7.60,10.35,6.00,6.90,6.70,7.80,24414.40,6.90,208050,65925,5216,10174163025.00,1754,F1,75,,,,,
2025-05-07,2025-05-07,FO,NSE,IDO,49304,,NIFTY,,2025-05-22,2025-05-22,25600.00,CE,NIFTY2552225600CE,15.00,22.15,13.15,15.95,16.30,15.45,24414.40,15.95,52950,8250,1543,2964398865.00,924,F1,75,,,,,
2025-05-07,2025-05-07,FO,NSE,IDO,49300,,NIFTY,,2025-05-22,2025-05-22,25500.00,CE,NIFTY2552225500CE,14.95,28.35,12.25,19.30,19.80,19.35,24414.40,19.30,206100,92175,5309,10161486716.25,3030,F1,75,,,,,
2025-05-07,2025-05-07,FO,NSE,IDO,49286,,NIFTY,,2025-05-22,2025-05-22,25350.00,CE,NIFTY2552225350CE,27.00,31.10,24.10,29.65,29.25,27.40,24414.40,29.65,8625,1050,53,100881112.50,26,F1,75,,,,,
2025-05-07,2025-05-07,FO,NSE,IDO,49214,,NIFTY,,2025-05-22,2025-05-22,24700.00,CE,NIFTY2552224700CE,161.70,218.10,150.35,177.85,182.00,165.85,24414.40,177.85,74100,46350,2604,4857751065.00,1821,F1,75,,,,,
2025-05-07,2025-05-07,FO,NSE,IDO,49143,,NIFTY,,2025-05-22,2025-05-22,23350.00,CE,NIFTY2552223350CE,1167.85,1167.85,1167.85,1167.85,1167.85,1141.95,24414.40,1167.85,150,75,1,1838838.75,1,F1,75,,,,,
2025-05-07,2025-05-07,FO,NSE,IDO,49133,,NIFTY,,2025-05-22,2025-05-22,23200.00,CE,NIFTY2552223200CE,1301.55,1303.25,1301.55,1302.10,1303.25,1238.90,24414.40,1302.10,375,300,4,7350618.75,4,F1,75,,,,,
2025-05-07,2025-05-07,FO,NSE,IDO,49097,,NIFTY,,2025-05-22,2025-05-22,22500.00,CE,NIFTY2552222500CE,1950.00,1958.00,1950.00,1953.25,1958.00,1916.30,24414.40,1953.25,375,300,4,7335975.00,4,F1,75,,,,,
2025-05-07,2025-05-07,FO,NSE,IDO,49093,,NIFTY,,2025-05-22,2025-05-22,22400.00,CE,NIFTY2552222400CE,0.00,0.00,0.00,2011.40,2011.40,2011.40,24414.40,2074.85,75,0,0,0.00,0,F1,75,,,,,
2025-05-07,2025-05-07,FO,NSE,IDO,46338,,NIFTY,,2025-05-15,2025-05-15,26050.00,CE,NIFTY2551526050CE,2.55,3.15,1.65,1.85,1.80,2.65,24414.40,1.85,83775,20700,3126,6107947170.00,1497,F1,75,,,,,
2025-05-07,2025-05-07,FO,NSE,IDO,46274,,NIFTY,,2025-05-15,2025-05-15,24600.00,CE,NIFTY2551524600CE,85.05,165.00,73.20,126.10,129.90,108.45,24414.40,126.10,1290150,1575,89620,166175831351.25,54285,F1,75,,,,,
2025-05-07,2025-05-07,FO,NSE,IDO,46256,,NIFTY,,2025-05-15,2025-05-15,24150.00,CE,NIFTY2551524150CE,341.35,452.80,322.20,394.30,394.70,375.30,24414.40,394.30,122625,34725,2323,4274397123.75,1651,F1,75,,,,,
2025-05-07,2025-05-07,FO,NSE,IDO,46206,,NIFTY,,2025-05-15,2025-05-15,23300.00,CE,NIFTY2551523300CE,1120.00,1200.00,1072.10,1127.45,1133.95,1107.80,24414.40,1127.45,50475,33300,598,1095836658.75,336,F1,75,,,,,
2025-05-07,2025-05-07,FO,NSE,IDO,46168,,NIFTY,,2025-05-15,2025-05-15,22600.00,CE,NIFTY2551522600CE,1770.00,1855.00,1770.00,1802.25,1802.00,1830.00,24414.40,1802.25,5025,3450,56,102461280.00,45,F1,75,,,,,
2025-05-07,2025-05-07,FO,NSE,IDO,46085,,NIFTY,,2025-05-15,2025-05-15,20950.00,CE,NIFTY2551520950CE,0.00,0.00,0.00,3173.10,3173.10,3173.10,24414.40,3494.00,75,0,0,0.00,0,F1,75,,,,,
2025-05-07,2025-05-07,FO,NSE,IDO,46082,,NIFTY,,2025-05-15,2025-05-15,20900.00,CE,NIFTY2551520900CE,0.00,0.00,0.00,3163.70,3163.70,3163.70,24414.40,3543.95,75,0,0,0.00,0,F1,75,,,,,
2025-05-07,2025-05-07,FO,NSE,IDO,38686,,NIFTY,,2025-05-08,2025-05-08,26150.00,CE,NIFTY2550826150CE,1.00,1.10,0.45,0.70,0.45,1.05,24414.40,0.70,315750,107550,138952,272528052457.50,17913,F1,75,,,,,
2025-05-07,2025-05-07,FO,NSE,IDO,38672,,NIFTY,,2025-05-08,2025-05-08,25800.00,CE,NIFTY2550825800CE,1.10,1.25,0.60,0.90,0.80,1.15,24414.40,0.90,2947800,-1803225,271649,525660253916.25,50489,F1,75,,,,,
2025-05-07,2025-05-07,FO,NSE,IDO,38668,,NIFTY,,2025-05-08,2025-05-08,25700.00,CE,NIFTY2550825700CE,1.15,1.35,0.65,0.95,0.70,1.20,24414.40,0.95,2833800,-1037025,205217,395571077617.50,44256,F1,75,,,,,
2025-05-07,2025-05-07,FO,NSE,IDO,38660,,NIFTY,,2025-05-08,2025-05-08,25550.00,CE,NIFTY2550825550CE,1.35,1.45,0.70,1.05,0.75,1.35,24414.40,1.05,1098150,-366525,100603,192789180438.75,21190,F1,75,,,,,
2025-05-07,2025-05-07,FO,NSE,IDO,38616,,NIFTY,,2025-05-08,2025-05-08,24550.00,CE,NIFTY2550824550CE,9.85,49.30,7.20,14.20,12.50,17.55,24414.40,14.20,5671950,-147450,2545685,4691011715636.25,898670,F1,75,,,,,
2025-05-07,2025-05-07,FO,NSE,IDO,38577,,NIFTY,,2025-05-08,2025-05-08,23750.00,CE,NIFTY2550823750CE,637.10,711.10,570.40,627.15,640.20,609.65,24414.40,627.15,13200,-2925,440,804558911.25,285,F1,75,,,,,
2025-05-07,2025-05-07,FO,NSE,IDO,38566,,NIFTY,,2025-05-08,2025-05-08,23650.00,CE,NIFTY2550823650CE,718.00,760.00,668.00,730.70,731.10,718.40,24414.40,730.70,10650,-2775,133,243123930.00,91,F1,75,,,,,
2025-05-07,2025-05-07,FO,NSE,IDO,38546,,NIFTY,,2025-05-08,2025-05-08,23400.00,CE,NIFTY2550823400CE,880.00,1049.65,880.00,972.60,980.00,969.90,24414.40,972.60,20850,-17700,680,1243177087.50,429,F1,75,,,,,
2025-05-07,2025-05-07,FO,NSE,IDO,38544,,NIFTY,,2025-05-08,2025-05-08,23350.00,CE,NIFTY2550823350CE,1039.15,1073.50,965.00,1026.15,1026.45,1038.00,24414.40,1026.15,3675,-1725,202,369269190.00,99,F1,75,,,,,
2025-05-07,2025-05-07,FO,NSE,IDO,38542,,NIFTY,,2025-05-08,2025-05-08,23300.00,CE,NIFTY2550823300CE,1082.25,1154.30,1011.95,1073.00,1085.00,1055.90,24414.40,1073.00,74625,-138900,2937,5368098397.50,1415,F1,75,,,,,
2025-05-07,2025-05-07,FO,NSE,IDO,38538,,NIFTY,,2025-05-08,2025-05-08,23200.00,CE,NIFTY2550823200CE,1160.00,1220.00,1128.00,1171.45,1183.55,1155.00,24414.40,1171.45,19425,-24675,428,782446582.50,281,F1,75,,,,,
2025-05-07,2025-05-07,FO,NSE,IDO,38522,,NIFTY,,2025-05-08,2025-05-08,22900.00,CE,NIFTY2550822900CE,1464.85,1513.90,1425.00,1461.10,1476.00,1474.30,24414.40,1461.10,13950,-3750,67,122384880.00,21,F1,75,,,,,
2025-05-07,2025-05-07,FO,NSE,IDO,38484,,NIFTY,,2025-05-08,2025-05-08,22250.00,CE,NIFTY2550822250CE,0.00,0.00,0.00,2182.90,2182.90,2182.90,24414.40,2168.35,600,0,0,0.00,0,F1,75,,,,,
2025-05-07,2025-05-07,FO,NSE,IDO,38470,,NIFTY,,2025-05-08,2025-05-08,21950.00,CE,NIFTY2550821950CE,0.00,0.00,0.00,2100.60,2101.55,2100.60,24414.40,2468.30,600,0,0,0.00,0,F1,75,,,,,
2025-05-07,2025-05-07,FO,NSE,IDO,38452,,NIFTY,,2025-05-08,2025-05-08,21500.00,CE,NIFTY2550821500CE,2850.00,2908.00,2839.00,2861.50,2861.50,2940.30,24414.40,2918.20,10500,-3000,45,82267451.25,37,F1,75,,,,,
2025-05-07,2025-05-07,FO,NSE,IDO,38428,,NIFTY,,2025-05-08,2025-05-08,20900.00,CE,NIFTY2550820900CE,0.00,0.00,0.00,2495.60,0.00,2495.60,24414.40,3518.10,0,0,0,0.00,0,F1,75,,,,,
2025-05-07,2025-05-07,FO,NSE,IDO,38426,,NIFTY,,2025-05-08,2025-05-08,20850.00,CE,NIFTY2550820850CE,0.00,0.00,0.00,2544.75,0.00,2544.75,24414.40,3568.10,0,0,0,0.00,0,F1,75,,,,,
2025-05-07,2025-05-07,FO,NSE,IDO,55782,,NIFTY,,2025-07-31,2025-07-31,24550.00,PE,NIFTY25JUL24550PE,636.15,669.60,636.15,669.60,669.60,782.55,24414.40,667.95,75,75,2,3780431.25,2,F1,75,,,,,
2025-05-07,2025-05-07,FO,NSE,IDO,62925,,NIFTY,,2026-03-26,2026-03-26,24000.00,PE,NIFTY26MAR24000PE,0.00,0.00,0.00,895.25,0.00,895.25,24414.40,750.20,0,0,0,0.00,0,F1,75,,,,,
2025-05-07,2025-05-07,FO,NSE,IDO,62929,,NIFTY,,2026-03-26,2026-03-26,26000.00,PE,NIFTY26MAR26000PE,0.00,0.00,0.00,1813.30,0.00,1813.30,24414.40,1582.55,0,0,0,0.00,0,F1,75,,,,,
2025-05-07,2025-05-07,FO,NSE,IDO,37805,,NIFTY,,2026-06-25,2026-06-25,23000.00,PE,NIFTY26JUN23000PE,0.00,0.00,0.00,526.55,526.55,526.55,24414.40,525.25,8100,0,0,0.00,0,F1,75,,,,,
2025-05-07,2025-05-07,FO,NSE,IDO,71475,,NIFTY,,2026-06-25,2026-06-25,25000.00,PE,NIFTY26JUN25000PE,0.00,0.00,0.00,1000.00,1000.00,1000.00,24414.40,1143.00,75,0,0,0.00,0,F1,75,,,,,
2025-05-07,2025-05-07,FO,NSE,IDO,71550,,NIFTY,,2027-06-24,2027-06-24,19000.00,PE,NIFTY27JUN19000PE,0.00,0.00,0.00,201.05,201.05,201.05,24414.40,112.05,525,0,0,0.00,0,F1,75,,,,,
2025-05-07,2025-05-07,FO,NSE,IDO,53611,,NIFTY,,2027-12-30,2027-12-30,20000.00,PE,NIFTY27DEC20000PE,0.00,0.00,0.00,460.00,460.00,460.00,24414.40,210.55,3950,0,0,0.00,0,F1,75,,,,,
2025-05-07,2025-05-07,FO,NSE,IDO,53632,,NIFTY,,2027-12-30,2027-12-30,27000.00,PE,NIFTY27DEC27000PE,0.00,0.00,0.00,2492.45,2492.45,2492.45,24414.40,1749.40,75,0,0,0.00,0,F1,75,,,,,
2025-05-07,2025-05-07,FO,NSE,IDO,86152,,NIFTY,,2028-06-29,2028-06-29,24000.00,PE,NIFTY28JUN24000PE,0.00,0.00,0.00,1692.75,0.00,1692.75,24414.40,823.05,0,0,0,0.00,0,F1,75,,,,,
2025-05-07,2025-05-07,FO,NSE,IDO,67773,,NIFTY,,2028-12-28,2028-12-28,19000.00,PE,NIFTY28DEC19000PE,0.00,0.00,0.00,158.00,0.00,158.00,24414.40,160.25,0,0,0,0.00,0,F1,75,,,,,
2025-05-07,2025-05-07,FO,NSE,IDO,61859,,NIFTY,,2029-12-27,2029-12-27,28000.00,PE,NIFTY29DEC28000PE,0.00,0.00,0.00,1411.30,0.00,1411.30,24414.40,1632.20,0,0,0,0.00,0,F1,75,,,,,
2025-05-07,2025-05-07,FO,NSE,IDO,62911,,NIFTY,,2026-03-26,2026-03-26,17000.00,PE,NIFTY26MAR17000PE,0.00,0.00,0.00,5.50,0.00,5.50,24414.40,3.65,0,0,0,0.00,0,F1,75,,,,,
2025-05-07,2025-05-07,FO,NSE,IDO,51452,,NIFTY,,2025-12-24,2025-12-24,21000.00,PE,NIFTY25DEC21000PE,220.00,220.05,195.00,204.80,202.00,210.10,24414.40,204.80,893325,-13350,2013,3201686411.25,1233,F1,75,,,,,
2025-05-07,2025-05-07,FO,NSE,IDO,64693,,NIFTY,,2025-09-25,2025-09-25,24000.00,PE,NIFTY25SEP24000PE,604.25,604.25,444.95,541.20,540.00,579.25,24414.40,541.20,600600,191925,4131,7599495311.25,1793,F1,75,,,,,
2025-05-07,2025-05-07,FO,NSE,IDO,55856,,NIFTY,,2025-07-31,2025-07-31,26150.00,PE,NIFTY25JUL26150PE,1576.65,1576.65,1576.65,1576.65,1576.65,1774.80,24414.40,1576.65,75,75,1,2079498.75,1,F1,75,,,,,
2025-05-07,2025-05-07,FO,NSE,IDO,55830,,NIFTY,,2025-07-31,2025-07-31,25550.00,PE,NIFTY25JUL25550PE,1152.10,1152.15,1152.10,1152.15,1152.15,1353.40,24414.40,1152.15,150,150,2,4005318.75,2,F1,75,,,,,
2025-05-07,2025-05-07,FO,NSE,IDO,55816,,NIFTY,,2025-07-31,2025-07-31,25350.00,PE,NIFTY25JUL25350PE,0.00,0.00,0.00,1225.55,0.00,1225.55,24414.40,1097.55,0,0,0,0.00,0,F1,75,,,,,
2025-05-07,2025-05-07,FO,NSE,IDO,55796,,NIFTY,,2025-07-31,2025-07-31,24900.00,PE,NIFTY25JUL24900PE,792.45,792.45,792.45,792.45,792.45,962.45,24414.40,792.45,75,75,1,1926933.75,1,F1,75,,,,,
2025-05-07,2025-05-07,FO,NSE,IDO,61770,,NIFTY,,2025-05-29,2025-05-29,25350.00,PE,NIFTY25MAY25350PE,948.70,948.70,938.80,938.80,938.80,793.65,24414.40,956.25,375,75,3,5916465.00,2,F1,75,,,,,
2025-05-07,2025-05-07,FO,NSE,IDO,49095,,NIFTY,,2025-05-22,2025-05-22,22450.00,CE,NIFTY2552222450CE,0.00,0.00,0.00,1963.80,1963.80,1963.80,24414.40,2025.25,75,0,0,0.00,0,F1,75,,,,,
2025-05-07,2025-05-07,FO,NSE,IDO,49107,,NIFTY,,2025-05-22,2025-05-22,22700.00,CE,NIFTY2552222700CE,1771.60,1771.60,1771.35,1771.50,1771.35,1730.45,24414.40,1771.50,525,150,2,3670721.25,2,F1,75,,,,,
2025-05-07,2025-05-07,FO,NSE,IDO,49109,,NIFTY,,2025-05-22,2025-05-22,22750.00,CE,NIFTY2552222750CE,1728.75,1728.75,1728.75,1728.75,1728.75,1681.40,24414.40,1728.75,150,75,1,1835906.25,1,F1,75,,,,,
2025-05-07,2025-05-07,FO,NSE,IDO,49159,,NIFTY,,2025-05-22,2025-05-22,23700.00,CE,NIFTY2552223700CE,780.00,854.35,780.00,834.15,834.15,846.25,24414.40,851.90,7425,2625,71,130695408.75,24,F1,75,,,,,
2025-05-07,2025-05-07,FO,NSE,IDO,49245,,NIFTY,,2025-05-22,2025-05-22,25000.00,CE,NIFTY2552225000CE,60.00,106.85,54.55,81.35,85.00,76.85,24414.40,81.35,166050,33150,11031,20748533441.25,7093,F1,75,,,,,
2025-05-07,2025-05-07,FO,NSE,IDO,49267,,NIFTY,,2025-05-22,2025-05-22,25250.00,CE,NIFTY2552225250CE,0.00,0.00,0.00,98.80,0.00,98.80,24414.40,83.00,0,0,0,0.00,0,F1,75,,,,,
2025-05-07,2025-05-07,FO,NSE,IDO,61379,,NIFTY,,2025-05-29,2025-05-29,21300.00,CE,NIFTY25MAY21300CE,3177.90,3177.90,3177.90,3177.90,3177.90,3154.75,24414.40,3197.15,2850,75,1,1835842.50,1,F1,75,,,,,
2025-05-07,2025-05-07,FO,NSE,IDO,61389,,NIFTY,,2025-05-29,2025-05-29,21400.00,CE,NIFTY25MAY21400CE,3078.85,3079.80,3078.85,3078.95,3078.95,2989.35,24414.40,3097.60,3450,0,4,7343748.75,4,F1,75,,,,,
2025-05-07,2025-05-07,FO,NSE,IDO,61393,,NIFTY,,2025-05-29,2025-05-29,21450.00,CE,NIFTY25MAY21450CE,0.00,0.00,0.00,2999.90,2985.55,2999.90,24414.40,3047.80,1575,0,0,0.00,0,F1,75,,,,,
2025-05-07,2025-05-07,FO,NSE,IDO,61519,,NIFTY,,2025-05-29,2025-05-29,22850.00,CE,NIFTY25MAY22850CE,1703.00,1703.00,1703.00,1703.00,1703.00,1625.00,24414.40,1670.80,5175,-75,1,1841475.00,1,F1,75,,,,,
2025-05-07,2025-05-07,FO,NSE,IDO,61787,,NIFTY,,2025-05-29,2025-05-29,25700.00,CE,NIFTY25MAY25700CE,24.95,38.40,20.75,28.45,29.55,27.50,24414.40,28.45,549525,10575,8303,16022654448.75,4404,F1,75,,,,,
2025-05-07,2025-05-07,FO,NSE,IDO,38602,,NIFTY,,2025-05-08,2025-05-08,24300.00,CE,NIFTY2550824300CE,55.05,202.00,55.00,106.80,109.00,112.65,24414.40,106.80,4124025,869625,3807655,6971042415131.25,2204582,F1,75,,,,,
2025-05-07,2025-05-07,FO,NSE,IDO,38530,,NIFTY,,2025-05-08,2025-05-08,23100.00,CE,NIFTY2550823100CE,1267.10,1310.00,1219.00,1264.35,1282.45,1268.95,24414.40,1264.35,35250,-57150,843,1540449603.75,398,F1,75,,,,,
2025-05-07,2025-05-07,FO,NSE,IDO,40405,,NIFTY,,2025-06-05,2025-06-05,23300.00,CE,NIFTY2560523300CE,0.00,0.00,0.00,1297.80,0.00,1297.80,24414.40,1311.45,0,0,0,0.00,0,F1,75,,,,,
2025-05-07,2025-05-07,FO,NSE,IDO,40427,,NIFTY,,2025-06-05,2025-06-05,23800.00,CE,NIFTY2560523800CE,0.00,0.00,0.00,918.25,0.00,918.25,24414.40,914.45,0,0,0,0.00,0,F1,75,,,,,
2025-05-07,2025-05-07,FO,NSE,IDO,40437,,NIFTY,,2025-06-05,2025-06-05,24050.00,CE,NIFTY2560524050CE,0.00,0.00,0.00,753.60,0.00,753.60,24414.40,740.40,0,0,0,0.00,0,F1,75,,,,,
2025-05-07,2025-05-07,FO,NSE,IDO,40449,,NIFTY,,2025-06-05,2025-06-05,24250.00,CE,NIFTY2560524250CE,538.00,631.05,538.00,579.10,579.10,588.50,24414.40,616.30,750,75,6,11175510.00,6,F1,75,,,,,
2025-05-07,2025-05-07,FO,NSE,IDO,40465,,NIFTY,,2025-06-05,2025-06-05,24450.00,CE,NIFTY2560524450CE,458.55,458.55,458.55,458.55,458.55,458.55,24414.40,505.70,2325,0,1,1868141.25,1,F1,75,,,,,
2025-05-07,2025-05-07,FO,NSE,IDO,40467,,NIFTY,,2025-06-05,2025-06-05,24500.00,CE,NIFTY2560524500CE,429.35,470.00,397.55,436.45,442.15,425.40,24414.40,436.45,48750,34575,777,1452449088.75,278,F1,75,,,,,
2025-05-07,2025-05-07,FO,NSE,IDO,40515,,NIFTY,,2025-06-05,2025-06-05,25450.00,CE,NIFTY2560525450CE,0.00,0.00,0.00,175.90,0.00,175.90,24414.40,149.00,0,0,0,0.00,0,F1,75,,,,,
2025-05-07,2025-05-07,FO,NSE,IDO,40541,,NIFTY,,2025-06-05,2025-06-05,26050.00,CE,NIFTY2560526050CE,0.00,0.00,0.00,77.50,0.00,77.50,24414.40,58.70,0,0,0,0.00,0,F1,75,,,,,
2025-05-07,2025-05-07,FO,NSE,IDO,62071,,NIFTY,,2025-06-26,2025-06-26,20600.00,CE,NIFTY25JUN20600CE,0.00,0.00,0.00,3911.60,3911.60,3911.60,24414.40,4003.40,300,0,0,0.00,0,F1,75,,,,,
2025-05-07,2025-05-07,FO,NSE,IDO,62189,,NIFTY,,2025-06-26,2025-06-26,22250.00,CE,NIFTY25JUN22250CE,0.00,0.00,0.00,2364.65,2364.65,2364.65,24414.40,2398.00,675,0,0,0.00,0,F1,75,,,,,
2025-05-07,2025-05-07,FO,NSE,IDO,62215,,NIFTY,,2025-06-26,2025-06-26,22850.00,CE,NIFTY25JUN22850CE,1881.40,1881.40,1881.40,1881.40,1881.40,1830.20,24414.40,1881.40,450,0,1,1854855.00,1,F1,75,,,,,
2025-05-07,2025-05-07,FO,NSE,IDO,62309,,NIFTY,,2025-06-26,2025-06-26,23200.00,CE,NIFTY25JUN23200CE,1580.20,1580.20,1580.20,1580.20,1580.20,1575.00,24414.40,1580.20,7650,-75,1,1858515.00,1,F1,75,,,,,
2025-05-07,2025-05-07,FO,NSE,IDO,62323,,NIFTY,,2025-06-26,2025-06-26,23350.00,CE,NIFTY25JUN23350CE,1455.95,1455.95,1455.95,1455.95,1455.95,1402.65,24414.40,1455.95,5250,75,1,1860446.25,1,F1,75,,,,,
2025-05-07,2025-05-07,FO,NSE,IDO,71379,,NIFTY,,2025-06-26,2025-06-26,24000.00,CE,NIFTY25JUN24000CE,899.30,1008.00,894.05,943.30,950.00,933.55,24414.40,943.30,1596550,-14600,2145,4012151831.25,1571,F1,75,,,,,
2025-05-07,2025-05-07,FO,NSE,IDO,62407,,NIFTY,,2025-06-26,2025-06-26,25200.00,CE,NIFTY25JUN25200CE,271.30,311.10,251.30,279.05,280.45,271.35,24414.40,279.05,137550,12225,1029,1965906120.00,520,F1,75,,,,,
2025-05-07,2025-05-07,FO,NSE,IDO,62423,,NIFTY,,2025-06-26,2025-06-26,25550.00,CE,NIFTY25JUN25550CE,174.30,195.70,156.40,174.35,174.35,189.25,24414.40,266.75,5175,525,86,165864735.00,26,F1,75,,,,,
2025-05-07,2025-05-07,FO,NSE,IDO,62447,,NIFTY,,2025-06-26,2025-06-26,26100.00,CE,NIFTY25JUN26100CE,77.75,83.00,64.70,79.70,80.00,75.90,24414.40,79.70,24450,18750,463,908929353.75,177,F1,75,,,,,
2025-05-07,2025-05-07,FO,NSE,IDO,55727,,NIFTY,,2025-07-31,2025-07-31,23300.00,CE,NIFTY25JUL23300CE,0.00,0.00,0.00,1685.20,0.00,1685.20,24414.40,1718.05,0,0,0,0.00,0,F1,75,,,,,
2025-05-07,2025-05-07,FO,NSE,IDO,55729,,NIFTY,,2025-07-31,2025-07-31,23350.00,CE,NIFTY25JUL23350CE,0.00,0.00,0.00,1649.45,0.00,1649.45,24414.40,1680.45,0,0,0,0.00,0,F1,75,,,,,
2025-05-07,2025-05-07,FO,NSE,IDO,55733,,NIFTY,,2025-07-31,2025-07-31,23450.00,CE,NIFTY25JUL23450CE,0.00,0.00,0.00,1578.25,0.00,1578.25,24414.40,1607.45,0,0,0,0.00,0,F1,75,,,,,
2025-05-07,2025-05-07,FO,NSE,IDO,55735,,NIFTY,,2025-07-31,2025-07-31,23500.00,CE,NIFTY25JUL23500CE,1555.65,1555.65,1544.10,1544.10,1544.10,1526.00,24414.40,1571.00,10200,225,5,9392895.00,5,F1,75,,,,,
2025-05-07,2025-05-07,FO,NSE,IDO,55759,,NIFTY,,2025-07-31,2025-07-31,24050.00,CE,NIFTY25JUL24050CE,0.00,0.00,0.00,1110.00,1110.00,1110.00,24414.40,1199.45,75,0,0,0.00,0,F1,75,,,,,
2025-05-07,2025-05-07,FO,NSE,IDO,55773,,NIFTY,,2025-07-31,2025-07-31,24350.00,CE,NIFTY25JUL24350CE,931.20,931.20,931.20,931.20,931.20,1024.25,24414.40,931.20,75,75,1,1896090.00,1,F1,75,,,,,
2025-05-07,2025-05-07,FO,NSE,IDO,55779,,NIFTY,,2025-07-31,2025-07-31,24500.00,CE,NIFTY25JUL24500CE,811.25,887.10,795.80,837.85,833.85,832.70,24414.40,837.85,68850,5775,812,1542979608.75,502,F1,75,,,,,
2025-05-07,2025-05-07,FO,NSE,IDO,55785,,NIFTY,,2025-07-31,2025-07-31,24650.00,CE,NIFTY25JUL24650CE,754.70,754.70,754.70,754.70,754.70,730.40,24414.40,754.70,300,75,1,1905352.50,1,F1,75,,,,,
2025-05-07,2025-05-07,FO,NSE,IDO,55797,,NIFTY,,2025-07-31,2025-07-31,24950.00,CE,NIFTY25JUL24950CE,616.15,616.15,560.40,589.00,589.05,627.40,24414.40,589.00,1125,225,5,9577016.25,5,F1,75,,,,,
2025-05-07,2025-05-07,FO,NSE,IDO,55809,,NIFTY,,2025-07-31,2025-07-31,25250.00,CE,NIFTY25JUL25250CE,466.15,466.15,423.25,423.25,423.25,614.95,24414.40,592.50,75,75,2,3854205.00,2,F1,75,,,,,
2025-05-07,2025-05-07,FO,NSE,IDO,55835,,NIFTY,,2025-07-31,2025-07-31,25700.00,CE,NIFTY25JUL25700CE,299.00,299.00,281.10,292.35,295.55,290.00,24414.40,292.35,2775,75,11,21441873.75,9,F1,75,,,,,
2025-05-07,2025-05-07,FO,NSE,IDO,55855,,NIFTY,,2025-07-31,2025-07-31,26150.00,CE,NIFTY25JUL26150CE,0.00,0.00,0.00,341.85,0.00,341.85,24414.40,313.20,0,0,0,0.00,0,F1,75,,,,,
2025-05-07,2025-05-07,FO,NSE,IDO,55121,,NIFTY,,2025-12-24,2025-12-24,18000.00,CE,NIFTY25DEC18000CE,0.00,0.00,0.00,6825.00,6800.00,6825.00,24414.40,7165.70,10200,0,0,0.00,0,F1,75,,,,,
2025-05-07,2025-05-07,FO,NSE,IDO,39987,,NIFTY,,2025-12-24,2025-12-24,19000.00,CE,NIFTY25DEC19000CE,0.00,0.00,0.00,5932.85,5932.85,5932.85,24414.40,6217.15,6950,0,0,0.00,0,F1,75,,,,,
2025-05-07,2025-05-07,FO,NSE,IDO,71472,,NIFTY,,2026-06-25,2026-06-25,24000.00,CE,NIFTY26JUN24000CE,0.00,0.00,0.00,2605.95,2605.95,2605.95,24414.40,2965.30,1200,0,0,0.00,0,F1,75,,,,,
2025-05-07,2025-05-07,FO,NSE,IDO,50545,,NIFTY,,2026-06-25,2026-06-25,28000.00,CE,NIFTY26JUN28000CE,0.00,0.00,0.00,1533.95,0.00,1533.95,24414.40,1126.95,0,0,0,0.00,0,F1,75,,,,,
2025-05-07,2025-05-07,FO,NSE,IDO,53599,,NIFTY,,2027-12-30,2027-12-30,17000.00,CE,NIFTY27DEC17000CE,0.00,0.00,0.00,6805.50,0.00,6805.50,24414.40,10225.25,0,0,0,0.00,0,F1,75,,,,,
2025-05-07,2025-05-07,FO,NSE,IDO,67784,,NIFTY,,2028-12-28,2028-12-28,25000.00,CE,NIFTY28DEC25000CE,0.00,0.00,0.00,5350.40,0.00,5350.40,24414.40,5847.30,0,0,0,0.00,0,F1,75,,,,,
2025-05-07,2025-05-07,FO,NSE,IDO,61390,,NIFTY,,2029-12-27,2029-12-27,18000.00,CE,NIFTY29DEC18000CE,0.00,0.00,0.00,11362.40,0.00,11362.40,24414.40,11343.80,0,0,0,0.00,0,F1,75,,,,,
2025-05-07,2025-05-07,FO,NSE,IDO,61858,,NIFTY,,2029-12-27,2029-12-27,28000.00,CE,NIFTY29DEC28000CE,0.00,0.00,0.00,5741.50,0.00,5741.50,24414.40,5533.40,0,0,0,0.00,0,F1,75,,,,,
2025-05-07,2025-05-07,FO,NSE,IDO,38433,,NIFTY,,2025-05-08,2025-05-08,21000.00,PE,NIFTY2550821000PE,2.50,4.00,0.55,0.75,0.70,2.45,24414.40,0.75,2676825,-1156125,261421,411763718572.50,50974,F1,75,,,,,
2025-05-07,2025-05-07,FO,NSE,IDO,38439,,NIFTY,,2025-05-08,2025-05-08,21150.00,PE,NIFTY2550821150PE,2.70,2.90,0.55,0.85,0.90,2.70,24414.40,0.85,221925,18750,43334,68742672382.50,9114,F1,75,,,,,
2025-05-07,2025-05-07,FO,NSE,IDO,38495,,NIFTY,,2025-05-08,2025-05-08,22500.00,PE,NIFTY2550822500PE,4.95,7.05,2.05,2.60,2.05,6.30,24414.40,2.60,6450375,1621050,683016,1152785922037.50,166947,F1,75,,,,,
2025-05-07,2025-05-07,FO,NSE,IDO,38535,,NIFTY,,2025-05-08,2025-05-08,23100.00,PE,NIFTY2550823100PE,15.30,15.30,5.10,7.20,5.60,10.75,24414.40,7.20,2072775,600075,277146,480339926850.00,109272,F1,75,,,,,
2025-05-07,2025-05-07,FO,NSE,IDO,38563,,NIFTY,,2025-05-08,2025-05-08,23550.00,PE,NIFTY2550823550PE,21.00,24.50,9.85,12.85,10.25,16.15,24414.40,12.85,887550,206400,178537,315535844456.25,72824,F1,75,,,,,
2025-05-07,2025-05-07,FO,NSE,IDO,38575,,NIFTY,,2025-05-08,2025-05-08,23700.00,PE,NIFTY2550823700PE,22.00,29.70,11.40,15.10,11.80,18.40,24414.40,15.10,2304675,-218850,444030,789835111631.25,188291,F1,75,,,,,
2025-05-07,2025-05-07,FO,NSE,IDO,38583,,NIFTY,,2025-05-08,2025-05-08,23850.00,PE,NIFTY2550823850PE,30.00,37.35,13.55,18.25,14.00,21.15,24414.40,18.25,838050,189825,402805,721120823306.25,173906,F1,75,,,,,
2025-05-07,2025-05-07,FO,NSE,IDO,46079,,NIFTY,,2025-05-15,2025-05-15,20850.00,PE,NIFTY2551520850PE,6.95,10.10,4.30,5.00,5.00,5.85,24414.40,5.00,39600,31650,3515,5498355795.00,2629,F1,75,,,,,
2025-05-07,2025-05-07,FO,NSE,IDO,46099,,NIFTY,,2025-05-15,2025-05-15,21200.00,PE,NIFTY2551521200PE,13.00,16.90,5.85,6.80,6.30,8.40,24414.40,6.80,104625,63000,8138,12944728350.00,4780,F1,75,,,,,
2025-05-07,2025-05-07,FO,NSE,IDO,46144,,NIFTY,,2025-05-15,2025-05-15,22050.00,PE,NIFTY2551522050PE,16.00,24.75,11.60,12.85,12.40,13.80,24414.40,12.85,16425,2100,1658,2743978117.50,1133,F1,75,,,,,
2025-05-07,2025-05-07,FO,NSE,IDO,46177,,NIFTY,,2025-05-15,2025-05-15,22800.00,PE,NIFTY2551522800PE,35.00,37.95,23.00,25.95,24.20,26.90,24414.40,25.95,383475,87750,18955,32452857003.75,12521,F1,75,,,,,
2025-05-07,2025-05-07,FO,NSE,IDO,46205,,NIFTY,,2025-05-15,2025-05-15,23250.00,PE,NIFTY2551523250PE,45.95,55.45,34.65,41.65,40.70,42.40,24414.40,41.65,58725,-29550,3652,6379858241.25,2115,F1,75,,,,,
2025-05-07,2025-05-07,FO,NSE,IDO,46267,,NIFTY,,2025-05-15,2025-05-15,24400.00,PE,NIFTY2551524400PE,258.00,290.00,200.20,231.45,222.95,229.85,24414.40,231.45,2349900,970200,168988,312188555553.75,104216,F1,75,,,,,
2025-05-07,2025-05-07,FO,NSE,IDO,46285,,NIFTY,,2025-05-15,2025-05-15,24850.00,PE,NIFTY2551524850PE,505.90,545.85,452.80,514.45,511.10,520.90,24414.40,514.45,8700,3300,155,294783300.00,88,F1,75,,,,,
2025-05-07,2025-05-07,FO,NSE,IDO,46311,,NIFTY,,2025-05-15,2025-05-15,25450.00,PE,NIFTY2551525450PE,1066.35,1066.35,1066.35,1066.35,1066.35,958.95,24414.40,1066.35,1200,75,1,1988726.25,1,F1,75,,,,,
2025-05-07,2025-05-07,FO,NSE,IDO,46319,,NIFTY,,2025-05-15,2025-05-15,25600.00,PE,NIFTY2551525600PE,1236.60,1236.60,1140.00,1190.00,1190.00,1105.00,24414.40,1157.20,1200,375,11,22101315.00,8,F1,75,,,,,
2025-05-07,2025-05-07,FO,NSE,IDO,49110,,NIFTY,,2025-05-22,2025-05-22,22750.00,PE,NIFTY2552222750PE,0.00,0.00,0.00,86.20,0.00,86.20,24414.40,4.50,0,0,0,0.00,0,F1,75,,,,,
2025-05-07,2025-05-07,FO,NSE,IDO,49181,,NIFTY,,2025-05-22,2025-05-22,23950.00,PE,NIFTY2552223950PE,173.95,198.95,151.30,173.35,172.80,179.35,24414.40,173.35,6000,2100,174,314735437.50,89,F1,75,,,,,
2025-05-07,2025-05-07,FO,NSE,IDO,49195,,NIFTY,,2025-05-22,2025-05-22,24250.00,PE,NIFTY2552224250PE,300.00,313.75,227.90,252.75,249.05,254.45,24414.40,252.75,10050,5100,345,634096526.25,181,F1,75,,,,,
2025-05-07,2025-05-07,FO,NSE,IDO,49213,,NIFTY,,2025-05-22,2025-05-22,24650.00,PE,NIFTY2552224650PE,453.00,453.00,399.50,428.60,418.25,431.85,24414.40,428.60,1950,225,81,152323822.50,23,F1,75,,,,,
2025-05-07,2025-05-07,FO,NSE,IDO,49227,,NIFTY,,2025-05-22,2025-05-22,24850.00,PE,NIFTY2552224850PE,543.00,545.60,542.30,545.30,545.30,490.65,24414.40,550.60,600,0,9,17141347.50,5,F1,75,,,,,
2025-05-07,2025-05-07,FO,NSE,IDO,49237,,NIFTY,,2025-05-22,2025-05-22,24950.00,PE,NIFTY2552224950PE,614.10,614.10,614.10,614.10,614.10,659.50,24414.40,620.20,450,75,1,1917307.50,1,F1,75,,,,,
2025-05-07,2025-05-07,FO,NSE,IDO,49317,,NIFTY,,2025-05-22,2025-05-22,25800.00,PE,NIFTY2552225800PE,0.00,0.00,0.00,1836.40,0.00,1836.40,24414.40,1339.90,0,0,0,0.00,0,F1,75,,,,,
2025-05-07,2025-05-07,FO,NSE,IDO,49320,,NIFTY,,2025-05-22,2025-05-22,25850.00,PE,NIFTY2552225850PE,0.00,0.00,0.00,1882.70,0.00,1882.70,24414.40,1386.95,0,0,0,0.00,0,F1,75,,,,,
2025-05-07,2025-05-07,FO,NSE,IDO,61336,,NIFTY,,2025-05-29,2025-05-29,20650.00,PE,NIFTY25MAY20650PE,20.20,23.70,17.35,19.00,17.35,20.85,24414.40,19.00,6750,-825,411,637156908.75,309,F1,75,,,,,
2025-05-07,2025-05-07,FO,NSE,IDO,61350,,NIFTY,,2025-05-29,2025-05-29,20850.00,PE,NIFTY25MAY20850PE,24.80,27.05,19.60,21.45,19.60,23.40,24414.40,21.45,5325,-4275,226,353787525.00,183,F1,75,,,,,
2025-05-07,2025-05-07,FO,NSE,IDO,61378,,NIFTY,,2025-05-29,2025-05-29,21250.00,PE,NIFTY25MAY21250PE,31.10,34.65,25.05,25.90,25.05,30.20,24414.40,25.90,7950,375,178,284082105.00,122,F1,75,,,,,
2025-05-07,2025-05-07,FO,NSE,IDO,61386,,NIFTY,,2025-05-29,2025-05-29,21300.00,PE,NIFTY25MAY21300PE,30.60,35.80,25.85,27.20,25.95,30.55,24414.40,27.20,86175,-1350,624,998233515.00,351,F1,75,,,,,
2025-05-07,2025-05-07,FO,NSE,IDO,61388,,NIFTY,,2025-05-29,2025-05-29,21350.00,PE,NIFTY25MAY21350PE,0.00,0.00,0.00,31.95,31.95,31.95,24414.40,0.10,3000,0,0,0.00,0,F1,75,,,,,
2025-05-07,2025-05-07,FO,NSE,IDO,61468,,NIFTY,,2025-05-29,2025-05-29,21700.00,PE,NIFTY25MAY21700PE,43.00,47.45,32.95,35.85,34.00,40.35,24414.40,35.85,157650,-9975,1428,2328168603.75,906,F1,75,,,,,
2025-05-07,2025-05-07,FO,NSE,IDO,61472,,NIFTY,,2025-05-29,2025-05-29,21800.00,PE,NIFTY25MAY21800PE,44.15,49.25,34.05,36.80,34.55,42.00,24414.40,36.80,715575,200700,8682,14221495121.25,4837,F1,75,,,,,
2025-05-07,2025-05-07,FO,NSE,IDO,61502,,NIFTY,,2025-05-29,2025-05-29,22400.00,PE,NIFTY25MAY22400PE,80.00,80.00,52.50,59.30,57.05,66.35,24414.40,59.30,378450,-4950,1895,3192569362.50,1299,F1,75,,,,,
2025-05-07,2025-05-07,FO,NSE,IDO,61528,,NIFTY,,2025-05-29,2025-05-29,23050.00,PE,NIFTY25MAY23050PE,107.90,114.55,85.50,95.70,95.15,105.15,24414.40,95.70,25200,4425,408,708334023.75,223,F1,75,,,,,
2025-05-07,2025-05-07,FO,NSE,IDO,61692,,NIFTY,,2025-05-29,2025-05-29,24700.00,PE,NIFTY25MAY24700PE,554.45,554.45,453.20,494.30,491.15,517.30,24414.40,494.30,218850,-34425,5783,10927851333.75,3638,F1,75,,,,,
2025-05-07,2025-05-07,FO,NSE,IDO,61760,,NIFTY,,2025-05-29,2025-05-29,25100.00,PE,NIFTY25MAY25100PE,779.95,806.00,700.00,744.10,743.50,771.20,24414.40,744.10,21975,-1575,279,540963960.00,175,F1,75,,,,,
2025-05-07,2025-05-07,FO,NSE,IDO,61762,,NIFTY,,2025-05-29,2025-05-29,25150.00,PE,NIFTY25MAY25150PE,820.05,820.05,768.85,774.15,774.15,815.95,24414.40,774.15,1575,-150,5,9728036.25,5,F1,75,,,,,
2025-05-07,2025-05-07,FO,NSE,IDO,61780,,NIFTY,,2025-05-29,2025-05-29,25500.00,PE,NIFTY25MAY25500PE,1086.10,1142.20,1019.45,1077.40,1064.30,1106.80,24414.40,1077.40,819300,7725,570,1136304063.75,367,F1,75,,,,,
2025-05-07,2025-05-07,FO,NSE,IDO,61784,,NIFTY,,2025-05-29,2025-05-29,25600.00,PE,NIFTY25MAY25600PE,1180.00,1195.10,1180.00,1195.10,1195.10,1148.00,24414.40,1163.15,74550,0,2,4018132.50,2,F1,75,,,,,
2025-05-07,2025-05-07,FO,NSE,IDO,61790,,NIFTY,,2025-05-29,2025-05-29,25750.00,PE,NIFTY25MAY25750PE,1305.95,1305.95,1305.95,1305.95,1305.95,1389.40,24414.40,1293.80,225,75,1,2029196.25,1,F1,75,,,,,
2025-05-07,2025-05-07,FO,NSE,IDO,61802,,NIFTY,,2025-05-29,2025-05-29,26000.00,PE,NIFTY25MAY26000PE,1534.85,1618.40,1495.85,1537.85,1525.80,1560.80,24414.40,1537.85,322875,37725,761,1571799157.50,438,F1,75,,,,,
2025-05-07,2025-05-07,FO,NSE,IDO,61810,,NIFTY,,2025-05-29,2025-05-29,26200.00,PE,NIFTY25MAY26200PE,1739.30,1739.30,1739.30,1739.30,1739.30,3227.70,24414.40,1739.30,75,75,1,2095447.50,1,F1,75,,,,,
2025-05-07,2025-05-07,FO,NSE,IDO,40360,,NIFTY,,2025-06-05,2025-06-05,22600.00,PE,NIFTY2560522600PE,91.10,96.65,84.00,92.55,93.45,88.90,24414.40,92.55,3525,525,33,56154446.25,19,F1,75,,,,,
2025-05-07,2025-05-07,FO,NSE,IDO,40367,,NIFTY,,2025-06-05,2025-06-05,22700.00,PE,NIFTY2560522700PE,0.00,0.00,0.00,40.45,0.00,40.45,24414.40,23.10,0,0,0,0.00,0,F1,75,,,,,
2025-05-07,2025-05-07,FO,NSE,IDO,40390,,NIFTY,,2025-06-05,2025-06-05,23000.00,PE,NIFTY2560523000PE,145.00,149.15,110.10,124.25,120.40,135.00,24414.40,124.25,33825,14250,645,1118643191.25,458,F1,75,,,,,
2025-05-07,2025-05-07,FO,NSE,IDO,40392,,NIFTY,,2025-06-05,2025-06-05,23050.00,PE,NIFTY2560523050PE,0.00,0.00,0.00,75.85,0.00,75.85,24414.40,48.50,0,0,0,0.00,0,F1,75,,,,,
2025-05-07,2025-05-07,FO,NSE,IDO,40426,,NIFTY,,2025-06-05,2025-06-05,23750.00,PE,NIFTY2560523750PE,237.65,237.65,201.65,224.25,224.25,196.00,24414.40,164.70,525,450,11,19777893.75,7,F1,75,,,,,
2025-05-07,2025-05-07,FO,NSE,IDO,40476,,NIFTY,,2025-06-05,2025-06-05,24700.00,PE,NIFTY2560524700PE,0.00,0.00,0.00,620.85,0.00,620.85,24414.40,545.90,0,0,0,0.00,0,F1,75,,,,,
2025-05-07,2025-05-07,FO,NSE,IDO,40506,,NIFTY,,2025-06-05,2025-06-05,25250.00,PE,NIFTY2560525250PE,0.00,0.00,0.00,978.15,0.00,978.15,24414.40,902.85,0,0,0,0.00,0,F1,75,,,,,
2025-05-07,2025-05-07,FO,NSE,IDO,62086,,NIFTY,,2025-06-26,2025-06-26,20800.00,PE,NIFTY25JUN20800PE,0.00,0.00,0.00,55.00,55.00,55.00,24414.40,1.35,375,0,0,0.00,0,F1,75,,,,,
2025-05-07,2025-05-07,FO,NSE,IDO,38528,,NIFTY,,2025-05-08,2025-05-08,23050.00,CE,NIFTY2550823050CE,1350.00,1365.00,1300.00,1310.25,1313.50,1351.80,24414.40,1310.25,3375,-1725,66,120709245.00,33,F1,75,,,,,
2025-05-07,2025-05-07,FO,NSE,IDO,38506,,NIFTY,,2025-05-08,2025-05-08,22700.00,CE,NIFTY2550822700CE,1660.00,1683.00,1614.00,1670.00,1670.00,1691.00,24414.40,1718.45,9225,-75,33,60278073.75,17,F1,75,,,,,
2025-05-07,2025-05-07,FO,NSE,IDO,38488,,NIFTY,,2025-05-08,2025-05-08,22350.00,CE,NIFTY2550822350CE,0.00,0.00,0.00,1717.90,1717.15,1717.90,24414.40,2068.35,525,0,0,0.00,0,F1,75,,,,,
2025-05-07,2025-05-07,FO,NSE,IDO,38446,,NIFTY,,2025-05-08,2025-05-08,21350.00,CE,NIFTY2550821350CE,0.00,0.00,0.00,2847.95,2847.95,2847.95,24414.40,3068.20,75,0,0,0.00,0,F1,75,,,,,
2025-05-07,2025-05-07,FO,NSE,IDO,38412,,NIFTY,,2025-05-08,2025-05-08,20500.00,CE,NIFTY2550820500CE,0.00,0.00,0.00,2890.15,0.00,2890.15,24414.40,3918.05,0,0,0,0.00,0,F1,75,,,,,
2025-05-07,2025-05-07,FO,NSE,IDF,56785,,NIFTY,,2025-06-26,2025-06-26,,,NIFTY25JUNFUT,24390.50,24638.70,24390.50,24570.30,24584.70,24535.40,24414.40,24570.30,1738800,27450,5602,10317214860.00,3929,F1,75,,,,,
2025-05-07,2025-05-07,FO,NSE,IDO,62138,,NIFTY,,2025-06-26,2025-06-26,21350.00,PE,NIFTY25JUN21350PE,0.00,0.00,0.00,66.60,67.00,66.60,24414.40,5.10,8025,0,0,0.00,0,F1,75,,,,,
2025-05-07,2025-05-07,FO,NSE,IDO,62172,,NIFTY,,2025-06-26,2025-06-26,21950.00,PE,NIFTY25JUN21950PE,0.00,0.00,0.00,62.10,62.10,62.10,24414.40,17.55,4125,0,0,0.00,0,F1,75,,,,,
2025-05-07,2025-05-07,FO,NSE,IDO,62194,,NIFTY,,2025-06-26,2025-06-26,22350.00,PE,NIFTY25JUN22350PE,0.00,0.00,0.00,166.30,166.30,166.30,24414.40,36.05,900,0,0,0.00,0,F1,75,,,,,
2025-05-07,2025-05-07,FO,NSE,IDO,62208,,NIFTY,,2025-06-26,2025-06-26,22700.00,PE,NIFTY25JUN22700PE,166.70,184.90,141.35,155.55,154.00,162.65,24414.40,155.55,51825,5700,311,533236211.25,192,F1,75,,,,,
2025-05-07,2025-05-07,FO,NSE,IDO,62326,,NIFTY,,2025-06-26,2025-06-26,23400.00,PE,NIFTY25JUN23400PE,271.85,280.00,230.05,249.20,247.85,263.75,24414.40,249.20,30525,5175,357,633355965.00,127,F1,75,,,,,
2025-05-07,2025-05-07,FO,NSE,IDO,62350,,NIFTY,,2025-06-26,2025-06-26,23950.00,PE,NIFTY25JUN23950PE,363.30,363.30,342.05,359.55,359.55,386.70,24414.40,315.65,7350,-150,5,9113745.00,5,F1,75,,,,,
2025-05-07,2025-05-07,FO,NSE,IDO,62414,,NIFTY,,2025-06-26,2025-06-26,25300.00,PE,NIFTY25JUN25300PE,980.00,1015.90,927.00,954.05,954.05,969.05,24414.40,954.05,2700,900,24,47273291.25,12,F1,75,,,,,
2025-05-07,2025-05-07,FO,NSE,IDO,55674,,NIFTY,,2025-07-31,2025-07-31,22300.00,PE,NIFTY25JUL22300PE,182.70,189.05,145.00,174.75,171.05,123.80,24414.40,174.75,9525,9450,183,308524695.00,139,F1,75,,,,,
2025-05-07,2025-05-07,FO,NSE,IDO,55678,,NIFTY,,2025-07-31,2025-07-31,22400.00,PE,NIFTY25JUL22400PE,200.00,200.00,160.00,183.65,183.65,194.10,24414.40,93.95,18450,4950,91,154195833.75,54,F1,75,,,,,
2025-05-07,2025-05-07,FO,NSE,IDO,55766,,NIFTY,,2025-07-31,2025-07-31,24200.00,PE,NIFTY25JUL24200PE,577.50,577.50,515.00,530.00,530.00,550.00,24414.40,530.00,2250,150,8,14840010.00,8,F1,75,,,,,
2025-05-07,2025-05-07,FO,NSE,IDO,64683,,NIFTY,,2025-09-25,2025-09-25,19000.00,PE,NIFTY25SEP19000PE,68.00,71.60,60.55,64.60,62.25,68.70,24414.40,64.60,102975,-2550,166,237348791.25,92,F1,75,,,,,
2025-05-07,2025-05-07,FO,NSE,IDO,50557,,NIFTY,,2026-06-25,2026-06-25,18000.00,PE,NIFTY26JUN18000PE,0.00,0.00,0.00,3088.05,0.00,3088.05,24414.40,21.40,0,0,0,0.00,0,F1,75,,,,,
2025-05-07,2025-05-07,FO,NSE,IDO,58641,,NIFTY,,2026-12-31,2026-12-31,18000.00,PE,NIFTY26DEC18000PE,0.00,0.00,0.00,76.10,76.10,76.10,24414.40,44.00,5175,0,0,0.00,0,F1,75,,,,,
2025-05-07,2025-05-07,FO,NSE,IDO,58645,,NIFTY,,2026-12-31,2026-12-31,20000.00,PE,NIFTY26DEC20000PE,0.00,0.00,0.00,329.00,329.00,329.00,24414.40,151.65,7625,0,0,0.00,0,F1,75,,,,,
2025-05-07,2025-05-07,FO,NSE,IDO,50548,,NIFTY,,2026-12-31,2026-12-31,28000.00,PE,NIFTY26DEC28000PE,0.00,0.00,0.00,2300.05,2300.05,2300.05,24414.40,2464.90,1050,0,0,0.00,0,F1,75,,,,,
2025-05-07,2025-05-07,FO,NSE,IDO,38159,,NIFTY,,2026-12-31,2026-12-31,29000.00,PE,NIFTY26DEC29000PE,0.00,0.00,0.00,5042.25,0.00,5042.25,24414.40,3022.00,0,0,0,0.00,0,F1,75,,,,,
2025-05-07,2025-05-07,FO,NSE,IDO,86164,,NIFTY,,2028-06-29,2028-06-29,27000.00,PE,NIFTY28JUN27000PE,0.00,0.00,0.00,2752.35,0.00,2752.35,24414.40,1646.60,0,0,0,0.00,0,F1,75,,,,,
2025-05-07,2025-05-07,FO,NSE,IDO,89625,,NIFTY,,2029-06-28,2029-06-28,21000.00,PE,NIFTY29JUN21000PE,0.00,0.00,0.00,320.25,0.00,320.25,24414.40,334.95,0,0,0,0.00,0,F1,75,,,,,
2025-05-07,2025-05-07,FO,NSE,IDO,89639,,NIFTY,,2029-06-28,2029-06-28,28000.00,PE,NIFTY29JUN28000PE,0.00,0.00,0.00,1488.10,0.00,1488.10,24414.40,1746.05,0,0,0,0.00,0,F1,75,,,,,
2025-05-07,2025-05-07,FO,NSE,IDO,61383,,NIFTY,,2029-12-27,2029-12-27,17000.00,PE,NIFTY29DEC17000PE,0.00,0.00,0.00,62.80,0.00,62.80,24414.40,76.15,0,0,0,0.00,0,F1,75,,,,,
2025-05-07,2025-05-07,FO,NSE,IDO,61411,,NIFTY,,2029-12-27,2029-12-27,20000.00,PE,NIFTY29DEC20000PE,0.00,0.00,0.00,202.30,0.00,202.30,24414.40,241.85,0,0,0,0.00,0,F1,75,,,,,
2025-05-07,2025-05-07,FO,NSE,IDO,61745,,NIFTY,,2029-12-27,2029-12-27,22000.00,PE,NIFTY29DEC22000PE,0.00,0.00,0.00,373.65,0.00,373.65,24414.40,442.60,0,0,0,0.00,0,F1,75,,,,,
2025-05-07,2025-05-07,FO,NSE,IDO,38627,,NIFTY,,2025-05-08,2025-05-08,24750.00,CE,NIFTY2550824750CE,3.60,13.45,3.40,4.60,3.95,6.00,24414.40,4.60,3774300,312900,1350029,2506604766802.50,313021,F1,75,,,,,
2025-05-07,2025-05-07,FO,NSE,IDO,38640,,NIFTY,,2025-05-08,2025-05-08,25050.00,CE,NIFTY2550825050CE,2.05,3.25,1.55,1.80,1.70,2.65,24414.40,1.80,2774100,-400950,414137,778126483590.00,75392,F1,75,,,,,
2025-05-07,2025-05-07,FO,NSE,IDO,38654,,NIFTY,,2025-05-08,2025-05-08,25400.00,CE,NIFTY2550825400CE,1.10,1.55,0.85,1.15,0.90,1.50,24414.40,1.15,4116675,-123900,315908,601833905546.25,59432,F1,75,,,,,
2025-05-07,2025-05-07,FO,NSE,IDO,38676,,NIFTY,,2025-05-08,2025-05-08,25900.00,CE,NIFTY2550825900CE,0.95,1.20,0.40,0.65,0.45,1.10,24414.40,0.65,1928775,-1349475,220530,428394179718.75,44018,F1,75,,,,,
2025-05-07,2025-05-07,FO,NSE,IDO,38678,,NIFTY,,2025-05-08,2025-05-08,25950.00,CE,NIFTY2550825950CE,1.10,1.15,0.55,0.80,0.55,1.10,24414.40,0.80,729675,97575,69618,135498529256.25,13659,F1,75,,,,,
2025-05-07,2025-05-07,FO,NSE,IDO,38688,,NIFTY,,2025-05-08,2025-05-08,26200.00,CE,NIFTY2550826200CE,0.90,1.10,0.45,0.65,0.50,1.00,24414.40,0.65,2407725,988800,655460,1288017634537.50,74618,F1,75,,,,,
2025-05-07,2025-05-07,FO,NSE,IDO,46070,,NIFTY,,2025-05-15,2025-05-15,20750.00,CE,NIFTY2551520750CE,0.00,0.00,0.00,3311.60,3311.60,3311.60,24414.40,3693.75,75,0,0,0.00,0,F1,75,,,,,
2025-05-07,2025-05-07,FO,NSE,IDO,46150,,NIFTY,,2025-05-15,2025-05-15,22200.00,CE,NIFTY2551522200CE,2202.00,2220.00,2173.75,2218.45,2218.45,2208.00,24414.40,2245.80,2700,525,11,20130956.25,10,F1,75,,,,,
2025-05-07,2025-05-07,FO,NSE,IDO,46162,,NIFTY,,2025-05-15,2025-05-15,22450.00,CE,NIFTY2551522450CE,1963.15,1963.15,1963.15,1963.15,1963.15,2065.95,24414.40,1996.20,1125,75,1,1830986.25,1,F1,75,,,,,
2025-05-07,2025-05-07,FO,NSE,IDO,46164,,NIFTY,,2025-05-15,2025-05-15,22500.00,CE,NIFTY2551522500CE,1930.00,1964.00,1853.00,1902.00,1902.00,1882.50,24414.40,1902.00,10575,5025,74,135418166.25,60,F1,75,,,,,
2025-05-07,2025-05-07,FO,NSE,IDO,46203,,NIFTY,,2025-05-15,2025-05-15,23250.00,CE,NIFTY2551523250CE,1132.70,1132.70,1132.70,1132.70,1132.70,1280.20,24414.40,1202.00,2775,225,4,7314810.00,4,F1,75,,,,,
2025-05-07,2025-05-07,FO,NSE,IDO,46336,,NIFTY,,2025-05-15,2025-05-15,26000.00,CE,NIFTY2551526000CE,2.50,3.30,1.80,2.00,1.95,2.75,24414.40,2.00,3702225,1853775,121490,236927061086.25,30636,F1,75,,,,,
2025-05-07,2025-05-07,FO,NSE,IDO,61779,,NIFTY,,2029-12-27,2029-12-27,26000.00,PE,NIFTY29DEC26000PE,0.00,0.00,0.00,969.60,0.00,969.60,24414.40,1129.95,0,0,0,0.00,0,F1,75,,,,,
2025-05-07,2025-05-07,FO,NSE,IDO,46157,,NIFTY,,2025-05-15,2025-05-15,22350.00,PE,NIFTY2551522350PE,20.05,28.60,14.80,17.10,15.20,17.80,24414.40,17.10,96075,64350,4361,7316431770.00,2602,F1,75,,,,,
2025-05-07,2025-05-07,FO,NSE,IDO,61508,,NIFTY,,2025-05-29,2025-05-29,22550.00,PE,NIFTY25MAY22550PE,70.10,81.05,58.45,67.20,63.55,72.40,24414.40,67.20,24525,2775,227,385070445.00,127,F1,75,,,,,
2025-05-07,2025-05-07,FO,NSE,IDO,61492,,NIFTY,,2025-05-29,2025-05-29,22150.00,PE,NIFTY25MAY22150PE,56.40,61.05,44.80,49.35,47.00,53.70,24414.40,49.35,7725,-2700,216,359660516.25,123,F1,75,,,,,
2025-05-07,2025-05-07,FO,NSE,IDO,61340,,NIFTY,,2025-05-29,2025-05-29,20750.00,PE,NIFTY25MAY20750PE,22.80,25.30,18.30,20.00,18.60,22.80,24414.40,20.00,3075,-975,197,306894075.00,134,F1,75,,,,,
2025-05-07,2025-05-07,FO,NSE,IDO,49229,,NIFTY,,2025-05-22,2025-05-22,24900.00,PE,NIFTY2552224900PE,577.55,587.75,577.00,577.55,577.55,531.20,24414.40,584.85,525,150,4,7643988.75,4,F1,75,,,,,
2025-05-07,2025-05-07,FO,NSE,IDO,49205,,NIFTY,,2025-05-22,2025-05-22,24450.00,PE,NIFTY2552224450PE,339.60,365.00,295.00,323.05,320.85,330.90,24414.40,323.05,15825,4725,762,1415822227.50,377,F1,75,,,,,
2025-05-07,2025-05-07,FO,NSE,IDO,46127,,NIFTY,,2025-05-15,2025-05-15,21700.00,PE,NIFTY2551521700PE,13.75,20.30,8.85,9.85,10.35,10.75,24414.40,9.85,37275,-5850,5951,9691080217.50,3428,F1,75,,,,,
2025-05-07,2025-05-07,FO,NSE,IDO,38614,,NIFTY,,2025-05-08,2025-05-08,24500.00,PE,NIFTY2550824500PE,247.00,262.15,120.75,154.90,138.00,169.05,24414.40,154.90,4032150,-41775,1700369,3145290600832.50,1065354,F1,75,,,,,
2025-05-07,2025-05-07,FO,NSE,IDO,71476,,NIFTY,,2026-06-25,2026-06-25,26000.00,CE,NIFTY26JUN26000CE,1350.05,1482.00,1350.00,1479.90,1479.90,1250.00,24414.40,1889.10,2575,225,5,10285635.00,5,F1,75,,,,,
2025-05-07,2025-05-07,FO,NSE,IDO,51453,,NIFTY,,2026-06-25,2026-06-25,21000.00,CE,NIFTY26JUN21000CE,0.00,0.00,0.00,3881.90,0.00,3881.90,24414.40,5140.65,0,0,0,0.00,0,F1,75,,,,,
2025-05-07,2025-05-07,FO,NSE,IDO,50497,,NIFTY,,2026-06-25,2026-06-25,17000.00,CE,NIFTY26JUN17000CE,0.00,0.00,0.00,4348.25,0.00,4348.25,24414.40,8666.60,0,0,0,0.00,0,F1,75,,,,,
2025-05-07,2025-05-07,FO,NSE,IDO,62922,,NIFTY,,2026-03-26,2026-03-26,23000.00,CE,NIFTY26MAR23000CE,0.00,0.00,0.00,2782.55,0.00,2782.55,24414.40,3211.00,0,0,0,0.00,0,F1,75,,,,,
2025-05-07,2025-05-07,FO,NSE,IDO,55825,,NIFTY,,2025-07-31,2025-07-31,25500.00,CE,NIFTY25JUL25500CE,320.00,388.80,316.35,356.20,355.25,346.70,24414.40,356.20,45000,6825,319,618447018.75,214,F1,75,,,,,
2025-05-07,2025-05-07,FO,NSE,IDO,55701,,NIFTY,,2025-07-31,2025-07-31,22950.00,CE,NIFTY25JUL22950CE,0.00,0.00,0.00,1944.85,0.00,1944.85,24414.40,1991.75,0,0,0,0.00,0,F1,75,,,,,
2025-05-07,2025-05-07,FO,NSE,IDO,55675,,NIFTY,,2025-07-31,2025-07-31,22350.00,CE,NIFTY25JUL22350CE,0.00,0.00,0.00,2430.45,0.00,2430.45,24414.40,2498.95,0,0,0,0.00,0,F1,75,,,,,
2025-05-07,2025-05-07,FO,NSE,IDO,62363,,NIFTY,,2025-06-26,2025-06-26,24300.00,CE,NIFTY25JUN24300CE,727.00,790.00,695.00,735.05,731.00,727.00,24414.40,735.05,61350,4575,619,1162097167.50,382,F1,75,,,,,
2025-05-07,2025-05-07,FO,NSE,IDO,62209,,NIFTY,,2025-06-26,2025-06-26,22750.00,CE,NIFTY25JUN22750CE,1969.40,1969.40,1969.40,1969.40,1969.40,1915.95,24414.40,1969.40,525,75,1,1853955.00,1,F1,75,,,,,
2025-05-07,2025-05-07,FO,NSE,IDO,62187,,NIFTY,,2025-06-26,2025-06-26,22200.00,CE,NIFTY25JUN22200CE,2530.00,2530.00,2530.00,2530.00,2530.00,2531.00,24414.40,2445.00,1425,-225,3,5564250.00,1,F1,75,,,,,
2025-05-07,2025-05-07,FO,NSE,IDO,38410,,NIFTY,,2025-05-08,2025-05-08,20450.00,CE,NIFTY2550820450CE,0.00,0.00,0.00,3918.20,3918.20,3918.20,24414.40,3968.05,75,0,0,0.00,0,F1,75,,,,,
2025-05-07,2025-05-07,FO,NSE,IDO,38486,,NIFTY,,2025-05-08,2025-05-08,22300.00,CE,NIFTY2550822300CE,2140.00,2140.00,2030.00,2053.00,2053.00,2085.00,24414.40,2118.35,5400,-3825,54,98703393.75,40,F1,75,,,,,
2025-05-07,2025-05-07,FO,NSE,IDO,38551,,NIFTY,,2025-05-08,2025-05-08,23450.00,CE,NIFTY2550823450CE,941.65,948.90,890.00,919.45,921.20,930.30,24414.40,919.45,3375,-1050,65,118773015.00,44,F1,75,,,,,
2025-05-07,2025-05-07,FO,NSE,IDO,38604,,NIFTY,,2025-05-08,2025-05-08,24350.00,CE,NIFTY2550824350CE,48.40,160.00,33.65,69.65,69.60,80.35,24414.40,69.65,4860225,1293375,5541649,10152604705050.00,2977252,F1,75,,,,,
2025-05-07,2025-05-07,FO,NSE,IDO,61670,,NIFTY,,2025-05-29,2025-05-29,24150.00,PE,NIFTY25MAY24150PE,309.45,311.45,251.00,275.55,270.55,292.45,24414.40,275.55,105750,-5925,1893,3468706931.25,1195,F1,75,,,,,
2025-05-07,2025-05-07,FO,NSE,IDO,38638,,NIFTY,,2025-05-08,2025-05-08,25000.00,CE,NIFTY2550825000CE,1.25,3.95,1.25,2.00,1.70,2.75,24414.40,2.00,11720400,1049550,1366163,2561799348693.75,248190,F1,75,,,,,
2025-05-07,2025-05-07,FO,NSE,IDO,38674,,NIFTY,,2025-05-08,2025-05-08,25850.00,CE,NIFTY2550825850CE,1.05,1.25,0.50,0.85,0.55,1.15,24414.40,0.85,455775,-123825,59113,114609550965.00,13937,F1,75,,,,,
2025-05-07,2025-05-07,FO,NSE,IDO,46096,,NIFTY,,2025-05-15,2025-05-15,21150.00,CE,NIFTY2551521150CE,0.00,0.00,0.00,2978.05,2977.10,2978.05,24414.40,3294.30,150,0,0,0.00,0,F1,75,,,,,
2025-05-07,2025-05-07,FO,NSE,IDO,46130,,NIFTY,,2025-05-15,2025-05-15,21800.00,CE,NIFTY2551521800CE,2595.00,2595.00,2574.00,2595.00,2595.00,2726.55,24414.40,2645.20,1575,375,7,12802125.00,7,F1,75,,,,,
2025-05-07,2025-05-07,FO,NSE,IDO,46298,,NIFTY,,2025-05-15,2025-05-15,25150.00,CE,NIFTY2551525150CE,11.40,24.80,7.30,16.15,16.05,12.70,24414.40,16.15,336825,19500,24660,46544498947.50,16616,F1,75,,,,,
2025-05-07,2025-05-07,FO,NSE,IDO,46324,,NIFTY,,2025-05-15,2025-05-15,25750.00,CE,NIFTY2551525750CE,1.10,4.05,1.10,2.35,2.20,3.20,24414.40,2.35,551175,388275,18643,36007996803.75,5561,F1,75,,,,,
2025-05-07,2025-05-07,FO,NSE,IDO,49216,,NIFTY,,2025-05-22,2025-05-22,24750.00,CE,NIFTY2552224750CE,160.00,190.75,134.30,158.60,161.10,152.80,24414.40,158.60,5850,2550,176,328744428.75,88,F1,75,,,,,
2025-05-07,2025-05-07,FO,NSE,IDO,61360,,NIFTY,,2025-05-29,2025-05-29,21100.00,CE,NIFTY25MAY21100CE,0.00,0.00,0.00,3318.85,3319.05,3318.85,24414.40,3396.30,3150,0,0,0.00,0,F1,75,,,,,
2025-05-07,2025-05-07,FO,NSE,IDO,61487,,NIFTY,,2025-05-29,2025-05-29,22050.00,CE,NIFTY25MAY22050CE,2447.50,2447.50,2447.50,2447.50,2447.50,2384.95,24414.40,2447.50,2175,75,1,1837312.50,1,F1,75,,,,,
2025-05-07,2025-05-07,FO,NSE,IDO,89637,,NIFTY,,2029-06-28,2029-06-28,27000.00,PE,NIFTY29JUN27000PE,0.00,0.00,0.00,1252.35,0.00,1252.35,24414.40,1456.00,0,0,0,0.00,0,F1,75,,,,,
2025-05-07,2025-05-07,FO,NSE,IDO,62917,,NIFTY,,2026-03-26,2026-03-26,20000.00,PE,NIFTY26MAR20000PE,0.00,0.00,0.00,95.70,0.00,95.70,24414.40,71.70,0,0,0,0.00,0,F1,75,,,,,
2025-05-07,2025-05-07,FO,NSE,IDO,49178,,NIFTY,,2025-12-24,2025-12-24,16000.00,PE,NIFTY25DEC16000PE,0.00,0.00,0.00,35.00,35.00,35.00,24414.40,0.20,2650,0,0,0.00,0,F1,75,,,,,
2025-05-07,2025-05-07,FO,NSE,IDO,55750,,NIFTY,,2025-07-31,2025-07-31,23800.00,PE,NIFTY25JUL23800PE,415.00,436.00,415.00,432.45,432.45,441.65,24414.40,378.15,5475,375,21,38149852.50,8,F1,75,,,,,
2025-05-07,2025-05-07,FO,NSE,IDO,62135,,NIFTY,,2025-06-26,2025-06-26,21300.00,CE,NIFTY25JUN21300CE,0.00,0.00,0.00,3243.55,3243.55,3243.55,24414.40,3313.55,300,0,0,0.00,0,F1,75,,,,,
2025-05-07,2025-05-07,FO,NSE,IDO,62149,,NIFTY,,2025-06-26,2025-06-26,21650.00,CE,NIFTY25JUN21650CE,0.00,0.00,0.00,2920.45,2920.45,2920.45,24414.40,2971.85,975,0,0,0.00,0,F1,75,,,,,
2025-05-07,2025-05-07,FO,NSE,IDO,62171,,NIFTY,,2025-06-26,2025-06-26,21950.00,CE,NIFTY25JUN21950CE,0.00,0.00,0.00,2626.85,2626.85,2626.85,24414.40,2682.45,1125,0,0,0.00,0,F1,75,,,,,
2025-05-07,2025-05-07,FO,NSE,IDO,62206,,NIFTY,,2025-06-26,2025-06-26,22650.00,PE,NIFTY25JUN22650PE,0.00,0.00,0.00,182.25,182.25,182.25,24414.40,58.85,2625,0,0,0.00,0,F1,75,,,,,
2025-05-07,2025-05-07,FO,NSE,IDO,40408,,NIFTY,,2025-06-05,2025-06-05,23350.00,PE,NIFTY2560523350PE,0.00,0.00,0.00,122.80,0.00,122.80,24414.40,85.25,0,0,0,0.00,0,F1,75,,,,,
2025-05-07,2025-05-07,FO,NSE,IDO,46151,,NIFTY,,2025-05-15,2025-05-15,22200.00,PE,NIFTY2551522200PE,19.05,26.20,12.75,14.10,12.90,15.80,24414.40,14.10,103950,37800,10402,17332610925.00,7660,F1,75,,,,,
2025-05-07,2025-05-07,FO,NSE,IDO,46091,,NIFTY,,2025-05-15,2025-05-15,21000.00,PE,NIFTY2551521000PE,8.00,11.55,4.00,5.95,5.50,6.05,24414.40,5.95,1272225,569625,41248,64988085146.25,17234,F1,75,,,,,
2025-05-07,2025-05-07,FO,NSE,IDO,46083,,NIFTY,,2025-05-15,2025-05-15,20900.00,PE,NIFTY2551520900PE,7.80,10.45,4.00,5.40,5.65,6.00,24414.40,5.40,50325,18375,4979,7807141290.00,3428,F1,75,,,,,
2025-05-07,2025-05-07,FO,NSE,IDO,46279,,NIFTY,,2025-05-15,2025-05-15,24700.00,PE,NIFTY2551524700PE,492.50,492.50,346.15,398.85,391.50,401.80,24414.40,398.85,82800,-67575,7411,13953820593.75,4746,F1,75,,,,,
2025-05-07,2025-05-07,FO,NSE,IDO,46289,,NIFTY,,2025-05-15,2025-05-15,24950.00,PE,NIFTY2551524950PE,554.70,626.00,547.10,593.80,586.70,597.85,24414.40,593.80,7575,0,36,68960373.75,28,F1,75,,,,,
2025-05-07,2025-05-07,FO,NSE,IDO,46293,,NIFTY,,2025-05-15,2025-05-15,25050.00,PE,NIFTY2551525050PE,667.15,700.60,667.15,688.55,688.50,596.00,24414.40,688.55,9825,-150,13,25094497.50,10,F1,75,,,,,
2025-05-07,2025-05-07,FO,NSE,IDO,46315,,NIFTY,,2025-05-15,2025-05-15,25500.00,PE,NIFTY2551525500PE,1130.00,1172.10,1054.00,1109.20,1102.10,1134.00,24414.40,1109.20,29850,17775,373,744532170.00,197,F1,75,,,,,
2025-05-07,2025-05-07,FO,NSE,IDO,46335,,NIFTY,,2025-05-15,2025-05-15,25950.00,PE,NIFTY2551525950PE,1558.85,1558.85,1558.85,1558.85,1558.85,1452.50,24414.40,1500.65,225,75,1,2063163.75,1,F1,75,,,,,
2025-05-07,2025-05-07,FO,NSE,IDO,49094,,NIFTY,,2025-05-22,2025-05-22,22400.00,PE,NIFTY2552222400PE,0.00,0.00,0.00,45.20,0.00,45.20,24414.40,1.15,0,0,0,0.00,0,F1,75,,,,,
2025-05-07,2025-05-07,FO,NSE,IDO,49100,,NIFTY,,2025-05-22,2025-05-22,22550.00,PE,NIFTY2552222550PE,0.00,0.00,0.00,60.20,0.00,60.20,24414.40,2.10,0,0,0,0.00,0,F1,75,,,,,
2025-05-07,2025-05-07,FO,NSE,IDO,49106,,NIFTY,,2025-05-22,2025-05-22,22650.00,PE,NIFTY2552222650PE,0.00,0.00,0.00,72.25,0.00,72.25,24414.40,3.10,0,0,0,0.00,0,F1,75,,,,,
2025-05-07,2025-05-07,FO,NSE,IDO,49148,,NIFTY,,2025-05-22,2025-05-22,23450.00,PE,NIFTY2552223450PE,0.00,0.00,0.00,130.80,130.80,130.80,24414.40,40.15,0,0,0,0.00,0,F1,75,,,,,
2025-05-07,2025-05-07,FO,NSE,IDO,49211,,NIFTY,,2025-05-22,2025-05-22,24600.00,PE,NIFTY2552224600PE,426.20,445.00,365.50,395.75,391.85,405.90,24414.40,395.75,52425,16725,961,1801602082.50,510,F1,75,,,,,
2025-05-07,2025-05-07,FO,NSE,IDO,61400,,NIFTY,,2025-05-29,2025-05-29,21600.00,PE,NIFTY25MAY21600PE,37.40,43.80,31.00,32.95,31.80,36.75,24414.40,32.95,62250,-10125,1443,2341480575.00,969,F1,75,,,,,
2025-05-07,2025-05-07,FO,NSE,IDO,61496,,NIFTY,,2025-05-29,2025-05-29,22250.00,PE,NIFTY25MAY22250PE,60.00,65.80,47.85,52.20,52.00,58.35,24414.40,52.20,18600,-4875,312,521907056.25,146,F1,75,,,,,
2025-05-07,2025-05-07,FO,NSE,IDO,61498,,NIFTY,,2025-05-29,2025-05-29,22300.00,PE,NIFTY25MAY22300PE,65.00,68.50,48.95,54.85,52.90,60.15,24414.40,54.85,328800,27900,2996,5023570856.25,1871,F1,75,,,,,
2025-05-07,2025-05-07,FO,NSE,IDO,61512,,NIFTY,,2025-05-29,2025-05-29,22650.00,PE,NIFTY25MAY22650PE,77.80,85.20,62.45,69.35,68.85,76.25,24414.40,69.35,21000,2100,137,233470072.50,60,F1,75,,,,,
2025-05-07,2025-05-07,FO,NSE,IDO,61520,,NIFTY,,2025-05-29,2025-05-29,22850.00,PE,NIFTY25MAY22850PE,90.85,99.50,72.25,81.20,80.25,90.80,24414.40,81.20,19050,300,273,469582413.75,139,F1,75,,,,,
2025-05-07,2025-05-07,FO,NSE,IDO,61540,,NIFTY,,2025-05-29,2025-05-29,23350.00,PE,NIFTY25MAY23350PE,180.00,180.00,110.50,124.60,123.00,138.15,24414.40,124.60,37050,-2250,667,1174536131.25,359,F1,75,,,,,
2025-05-07,2025-05-07,FO,NSE,IDO,46071,,NIFTY,,2025-05-15,2025-05-15,20750.00,PE,NIFTY2551520750PE,7.00,9.00,4.05,4.70,4.85,5.25,24414.40,4.70,31725,19800,3451,5372285940.00,2638,F1,75,,,,,
2025-05-07,2025-05-07,FO,NSE,IDO,61544,,NIFTY,,2025-05-29,2025-05-29,23450.00,PE,NIFTY25MAY23450PE,169.10,169.10,122.90,139.25,133.05,150.10,24414.40,139.25,42750,4650,954,1687967358.75,567,F1,75,,,,,
2025-05-07,2025-05-07,FO,NSE,IDO,61552,,NIFTY,,2025-05-29,2025-05-29,23650.00,PE,NIFTY25MAY23650PE,187.25,218.65,149.90,167.10,162.35,179.70,24414.40,167.10,113475,4050,706,1261348721.25,390,F1,75,,,,,
2025-05-07,2025-05-07,FO,NSE,IDO,61666,,NIFTY,,2025-05-29,2025-05-29,24050.00,PE,NIFTY25MAY24050PE,271.85,281.95,225.00,249.40,244.90,266.10,24414.40,249.40,94200,1575,1338,2438788008.75,886,F1,75,,,,,
2025-05-07,2025-05-07,FO,NSE,IDO,61804,,NIFTY,,2025-05-29,2025-05-29,26050.00,PE,NIFTY25MAY26050PE,1602.80,1602.80,1602.80,1602.80,1602.80,1606.75,24414.40,1602.80,825,75,1,2073960.00,1,F1,75,,,,,
2025-05-07,2025-05-07,FO,NSE,IDO,40404,,NIFTY,,2025-06-05,2025-06-05,23250.00,PE,NIFTY2560523250PE,0.00,0.00,0.00,105.15,0.00,105.15,24414.40,71.15,0,0,0,0.00,0,F1,75,,,,,
2025-05-07,2025-05-07,FO,NSE,IDO,40412,,NIFTY,,2025-06-05,2025-06-05,23450.00,PE,NIFTY2560523450PE,0.00,0.00,0.00,142.60,0.00,142.60,24414.40,101.50,0,0,0,0.00,0,F1,75,,,,,
